1	0	0.779	0.450	-1.000	0	0.000
2	0	0.000	0.000	-1.000	0	0.000
3	0	0.779	0.450	-1.000	0	0.000
4	0	0.000	0.000	-1.000	0	0.000
5	0	0.779	0.450	-1.000	0	0.000
6	0	0.000	0.000	-1.000	0	0.000
7	0	-0.000	-0.900	-1.000	0	0.000
8	0	0.000	0.000	-1.000	0	0.000
9	0	-0.000	-0.900	-1.000	0	0.000
10	0	0.000	0.000	-1.000	0	0.000
11	0	-0.779	0.450	-1.000	0	0.000
12	0	0.000	0.000	-1.000	0	0.000
13	0	-0.000	-0.900	-1.000	0	0.000
14	0	0.000	0.000	-1.000	0	0.000
15	0	0.779	0.450	-1.000	0	0.000
16	0	0.000	0.000	-1.000	0	0.000
17	0	-0.779	0.450	-1.000	0	0.000
18	0	0.000	0.000	-1.000	0	0.000
19	0	-0.000	-0.900	-1.000	0	0.000
20	0	0.000	0.000	-1.000	0	0.000
21	0	-0.779	0.450	-1.000	0	0.000
22	0	0.000	0.000	-1.000	0	0.000
23	0	-0.000	-0.900	-1.000	0	0.000
24	0	0.000	0.000	-1.000	0	0.000
25	0	-0.779	0.450	-1.000	0	0.000
26	0	0.000	0.000	-1.000	0	0.000
27	0	-0.779	0.450	-1.000	0	0.000
28	0	0.000	0.000	-1.000	0	0.000
29	0	-0.779	0.450	-1.000	0	0.000
30	0	0.000	0.000	-1.000	0	0.000
31	0	0.779	0.450	-1.000	0	0.000
32	0	0.000	0.000	-1.000	0	0.000
33	0	-0.000	-0.900	-1.000	0	0.000
34	0	0.000	0.000	-1.000	0	0.000
35	0	0.779	0.450	-1.000	0	0.000
36	0	0.000	0.000	-1.000	0	0.000
37	0	-0.000	-0.900	-1.000	0	0.000
38	0	0.000	0.000	-1.000	0	0.000
39	0	-0.000	-0.900	-1.000	0	0.000
40	0	0.000	0.000	-1.000	0	0.000
41	0	0.779	0.450	-1.000	0	0.000
42	0	0.000	0.000	-1.000	0	0.000
43	0	0.779	0.450	-1.000	0	0.000
44	0	0.000	0.000	-1.000	0	0.000
45	0	-0.779	0.450	-1.000	0	0.000
46	0	0.000	0.000	-1.000	0	0.000
47	0	-0.779	0.450	-1.000	0	0.000
48	0	0.000	0.000	-1.000	0	0.000
49	0	0.779	0.450	-1.000	0	0.000
50	0	0.000	0.000	-1.000	0	0.000
51	0	-0.000	-0.900	-1.000	0	0.000
52	0	0.000	0.000	-1.000	0	0.000
53	0	-0.000	-0.900	-1.000	0	0.000
54	0	0.000	0.000	-1.000	0	0.000
55	0	0.779	0.450	-1.000	0	0.000
56	0	0.000	0.000	-1.000	0	0.000
57	0	-0.000	-0.900	-1.000	0	0.000
58	0	0.000	0.000	-1.000	0	0.000
59	0	0.779	0.450	-1.000	0	0.000
60	0	0.000	0.000	-1.000	0	0.000
61	0	-0.000	-0.900	-1.000	0	0.000
62	0	0.000	0.000	-1.000	0	0.000
63	0	-0.779	0.450	-1.000	0	0.000
64	0	0.000	0.000	-1.000	0	0.000
65	0	-0.779	0.450	-1.000	0	0.000
66	0	0.000	0.000	-1.000	0	0.000
67	0	-0.779	0.450	-1.000	0	0.000
68	0	0.000	0.000	-1.000	0	0.000
69	0	0.779	0.450	-1.000	0	0.000
70	0	0.000	0.000	-1.000	0	0.000
71	0	-0.000	-0.900	-1.000	0	0.000
72	0	0.000	0.000	-1.000	0	0.000
73	0	-0.779	0.450	-1.000	0	0.000
74	0	0.000	0.000	-1.000	0	0.000
75	0	-0.779	0.450	-1.000	0	0.000
76	0	0.000	0.000	-1.000	0	0.000
77	0	-0.779	0.450	-1.000	0	0.000
78	0	0.000	0.000	-1.000	0	0.000
79	0	-0.000	-0.900	-1.000	0	0.000
80	0	0.000	0.000	-1.000	0	0.000
81	0	-0.000	-0.900	-1.000	0	0.000
82	0	0.000	0.000	-1.000	0	0.000
83	0	-0.779	0.450	-1.000	0	0.000
84	0	0.000	0.000	-1.000	0	0.000
85	0	0.779	0.450	-1.000	0	0.000
86	0	0.000	0.000	-1.000	0	0.000
87	0	0.779	0.450	-1.000	0	0.000
88	0	0.000	0.000	-1.000	0	0.000
89	0	0.779	0.450	-1.000	0	0.000
90	0	0.000	0.000	-1.000	0	0.000
91	0	0.779	0.450	-1.000	0	0.000
92	0	0.000	0.000	-1.000	0	0.000
93	0	-0.000	-0.900	-1.000	0	0.000
94	0	0.000	0.000	-1.000	0	0.000
95	0	-0.000	-0.900	-1.000	0	0.000
96	0	0.000	0.000	-1.000	0	0.000
97	0	-0.779	0.450	-1.000	0	0.000
98	0	0.000	0.000	-1.000	0	0.000
99	0	-0.000	-0.900	-1.000	0	0.000
100	0	0.000	0.000	-1.000	0	0.000
101	0	-0.000	-0.900	-1.000	0	0.000
102	0	0.000	0.000	-1.000	0	0.000
103	0	-0.000	-0.900	-1.000	0	0.000
104	0	0.000	0.000	-1.000	0	0.000
105	0	-0.779	0.450	-1.000	0	0.000
106	0	0.000	0.000	-1.000	0	0.000
107	-50	0.779	0.450	0.033	2	0.000
108	0	0.000	0.000	-1.000	0	0.000
109	0	0.779	0.450	-1.000	0	0.000
110	0	0.000	0.000	-1.000	0	0.000
111	0	-0.000	-0.900	-1.000	0	0.000
112	0	0.000	0.000	-1.000	0	0.000
113	0	0.779	0.450	-1.000	0	0.000
114	0	0.000	0.000	-1.000	0	0.000
115	-50	0.779	0.450	0.046	2	0.000
116	0	0.000	0.000	-1.000	0	0.000
117	0	-0.000	-0.900	-1.000	0	0.000
118	0	0.000	0.000	-1.000	0	0.000
119	0	0.779	0.450	-1.000	0	0.000
120	0	0.000	0.000	-1.000	0	0.000
121	0	-0.779	0.450	-1.000	0	0.000
122	0	0.000	0.000	-1.000	0	0.000
123	0	-0.000	-0.900	-1.000	0	0.000
124	0	0.000	0.000	-1.000	0	0.000
125	0	-0.779	0.450	-1.000	0	0.000
126	0	0.000	0.000	-1.000	0	0.000
127	0	0.779	0.450	-1.000	0	0.000
128	0	0.000	0.000	-1.000	0	0.000
129	0	-0.779	0.450	-1.000	0	0.000
130	0	0.000	0.000	-1.000	0	0.000
131	0	0.779	0.450	-1.000	0	0.000
132	0	0.000	0.000	-1.000	0	0.000
133	-50	-0.779	0.450	0.046	2	0.000
134	0	0.000	0.000	-1.000	0	0.000
135	0	-0.000	-0.900	-1.000	0	0.000
136	0	0.000	0.000	-1.000	0	0.000
137	0	0.779	0.450	-1.000	0	0.000
138	0	0.000	0.000	-1.000	0	0.000
139	0	-0.779	0.450	-1.000	0	0.000
140	0	0.000	0.000	-1.000	0	0.000
141	0	-0.000	-0.900	-1.000	0	0.000
142	0	0.000	0.000	-1.000	0	0.000
143	0	0.779	0.450	-1.000	0	0.000
144	0	0.000	0.000	-1.000	0	0.000
145	-50	-0.000	-0.900	0.033	2	0.000
146	0	0.000	0.000	-1.000	0	0.000
147	0	0.779	0.450	-1.000	0	0.000
148	0	0.000	0.000	-1.000	0	0.000
149	0	0.779	0.450	-1.000	0	0.000
150	0	0.000	0.000	-1.000	0	0.000
151	0	-0.779	0.450	-1.000	0	0.000
152	0	0.000	0.000	-1.000	0	0.000
153	0	0.779	0.450	-1.000	0	0.000
154	0	0.000	0.000	-1.000	0	0.000
155	0	-0.779	0.450	-1.000	0	0.000
156	0	0.000	0.000	-1.000	0	0.000
157	-50	-0.779	0.450	0.048	2	0.000
158	0	0.000	0.000	-1.000	0	0.000
159	0	-0.000	-0.900	-1.000	0	0.000
160	0	0.000	0.000	-1.000	0	0.000
161	0	-0.000	-0.900	-1.000	0	0.000
162	0	0.000	0.000	-1.000	0	0.000
163	0	-0.779	0.450	-1.000	0	0.000
164	0	0.000	0.000	-1.000	0	0.000
165	0	-0.000	-0.900	-1.000	0	0.000
166	0	0.000	0.000	-1.000	0	0.000
167	0	-0.000	-0.900	-1.000	0	0.000
168	0	0.000	0.000	-1.000	0	0.000
169	0	0.779	0.450	-1.000	0	0.000
170	0	0.000	0.000	-1.000	0	0.000
171	0	0.779	0.450	-1.000	0	0.000
172	0	0.000	0.000	-1.000	0	0.000
173	0	-0.000	-0.900	-1.000	0	0.000
174	0	0.000	0.000	-1.000	0	0.000
175	0	-0.000	-0.900	-1.000	0	0.000
176	0	0.000	0.000	-1.000	0	0.000
177	50	-0.000	-0.900	0.020	2	0.000
178	0	0.000	0.000	-1.000	0	0.000
179	0	0.779	0.450	-1.000	0	0.000
180	0	0.000	0.000	-1.000	0	0.000
181	0	0.779	0.450	-1.000	0	0.000
182	0	0.000	0.000	-1.000	0	0.000
183	0	0.779	0.450	-1.000	0	0.000
184	0	0.000	0.000	-1.000	0	0.000
185	0	0.779	0.450	-1.000	0	0.000
186	0	0.000	0.000	-1.000	0	0.000
187	0	0.779	0.450	-1.000	0	0.000
188	0	0.000	0.000	-1.000	0	0.000
189	0	0.779	0.450	-1.000	0	0.000
190	0	0.000	0.000	-1.000	0	0.000
191	0	-0.779	0.450	-1.000	0	0.000
192	0	0.000	0.000	-1.000	0	0.000
193	0	0.779	0.450	-1.000	0	0.000
194	0	0.000	0.000	-1.000	0	0.000
195	0	-0.779	0.450	-1.000	0	0.000
196	0	0.000	0.000	-1.000	0	0.000
197	50	-0.779	0.450	0.037	2	0.000
198	0	0.000	0.000	-1.000	0	0.000
199	0	0.779	0.450	-1.000	0	0.000
200	0	0.000	0.000	-1.000	0	0.000
201	0	0.779	0.450	-1.000	0	0.000
202	0	0.000	0.000	-1.000	0	0.000
203	0	-0.779	0.450	-1.000	0	0.000
204	0	0.000	0.000	-1.000	0	0.000
205	50	-0.779	0.450	0.026	2	0.000
206	0	0.000	0.000	-1.000	0	0.000
207	0	-0.000	-0.900	-1.000	0	0.000
208	0	0.000	0.000	-1.000	0	0.000
209	0	-0.000	-0.900	-1.000	0	0.000
210	0	0.000	0.000	-1.000	0	0.000
211	0	-0.000	-0.900	-1.000	0	0.000
212	0	0.000	0.000	-1.000	0	0.000
213	0	-0.779	0.450	-1.000	0	0.000
214	0	0.000	0.000	-1.000	0	0.000
215	0	-0.779	0.450	-1.000	0	0.000
216	0	0.000	0.000	-1.000	0	0.000
217	0	-0.779	0.450	-1.000	0	0.000
218	0	0.000	0.000	-1.000	0	0.000
219	-50	0.779	0.450	0.048	2	0.000
220	0	0.000	0.000	-1.000	0	0.000
221	0	0.779	0.450	-1.000	0	0.000
222	0	0.000	0.000	-1.000	0	0.000
223	0	-0.779	0.450	-1.000	0	0.000
224	0	0.000	0.000	-1.000	0	0.000
225	0	-0.779	0.450	-1.000	0	0.000
226	0	0.000	0.000	-1.000	0	0.000
227	0	-0.779	0.450	-1.000	0	0.000
228	0	0.000	0.000	-1.000	0	0.000
229	-50	-0.000	-0.900	0.026	2	0.000
230	0	0.000	0.000	-1.000	0	0.000
231	0	-0.779	0.450	-1.000	0	0.000
232	0	0.000	0.000	-1.000	0	0.000
233	0	-0.779	0.450	-1.000	0	0.000
234	0	0.000	0.000	-1.000	0	0.000
235	0	-0.779	0.450	-1.000	0	0.000
236	0	0.000	0.000	-1.000	0	0.000
237	50	-0.779	0.450	0.022	2	0.000
238	0	0.000	0.000	-1.000	0	0.000
239	0	0.779	0.450	-1.000	0	0.000
240	0	0.000	0.000	-1.000	0	0.000
241	0	-0.779	0.450	-1.000	0	0.000
242	0	0.000	0.000	-1.000	0	0.000
243	0	0.779	0.450	-1.000	0	0.000
244	0	0.000	0.000	-1.000	0	0.000
245	50	0.779	0.450	0.031	2	0.000
246	0	0.000	0.000	-1.000	0	0.000
247	0	-0.779	0.450	-1.000	0	0.000
248	0	0.000	0.000	-1.000	0	0.000
249	0	-0.779	0.450	-1.000	0	0.000
250	0	0.000	0.000	-1.000	0	0.000
251	0	-0.779	0.450	-1.000	0	0.000
252	0	0.000	0.000	-1.000	0	0.000
253	0	-0.000	-0.900	-1.000	0	0.000
254	0	0.000	0.000	-1.000	0	0.000
255	0	-0.000	-0.900	-1.000	0	0.000
256	0	0.000	0.000	-1.000	0	0.000
257	0	-0.000	-0.900	-1.000	0	0.000
258	0	0.000	0.000	-1.000	0	0.000
259	0	0.779	0.450	-1.000	0	0.000
260	0	0.000	0.000	-1.000	0	0.000
261	0	0.779	0.450	-1.000	0	0.000
262	0	0.000	0.000	-1.000	0	0.000
263	0	-0.000	-0.900	-1.000	0	0.000
264	0	0.000	0.000	-1.000	0	0.000
265	0	0.779	0.450	-1.000	0	0.000
266	0	0.000	0.000	-1.000	0	0.000
267	0	-0.000	-0.900	-1.000	0	0.000
268	0	0.000	0.000	-1.000	0	0.000
269	0	0.779	0.450	-1.000	0	0.000
270	0	0.000	0.000	-1.000	0	0.000
271	0	-0.000	-0.900	-1.000	0	0.000
272	0	0.000	0.000	-1.000	0	0.000
273	0	-0.779	0.450	-1.000	0	0.000
274	0	0.000	0.000	-1.000	0	0.000
275	0	0.779	0.450	-1.000	0	0.000
276	0	0.000	0.000	-1.000	0	0.000
277	0	-0.779	0.450	-1.000	0	0.000
278	0	0.000	0.000	-1.000	0	0.000
279	0	-0.779	0.450	-1.000	0	0.000
280	0	0.000	0.000	-1.000	0	0.000
281	0	0.779	0.450	-1.000	0	0.000
282	0	0.000	0.000	-1.000	0	0.000
283	50	-0.779	0.450	0.033	2	0.000
284	0	0.000	0.000	-1.000	0	0.000
285	0	-0.000	-0.900	-1.000	0	0.000
286	0	0.000	0.000	-1.000	0	0.000
287	0	0.779	0.450	-1.000	0	0.000
288	0	0.000	0.000	-1.000	0	0.000
289	0	0.779	0.450	-1.000	0	0.000
290	0	0.000	0.000	-1.000	0	0.000
291	0	-0.779	0.450	-1.000	0	0.000
292	0	0.000	0.000	-1.000	0	0.000
293	0	-0.000	-0.900	-1.000	0	0.000
294	0	0.000	0.000	-1.000	0	0.000
295	0	-0.000	-0.900	-1.000	0	0.000
296	0	0.000	0.000	-1.000	0	0.000
297	50	0.779	0.450	0.029	2	0.000
298	0	0.000	0.000	-1.000	0	0.000
299	0	-0.000	-0.900	-1.000	0	0.000
300	0	0.000	0.000	-1.000	0	0.000
301	0	0.779	0.450	-1.000	0	0.000
302	0	0.000	0.000	-1.000	0	0.000
303	0	0.779	0.450	-1.000	0	0.000
304	0	0.000	0.000	-1.000	0	0.000
305	0	-0.779	0.450	-1.000	0	0.000
306	0	0.000	0.000	-1.000	0	0.000
307	0	0.779	0.450	-1.000	0	0.000
308	0	0.000	0.000	-1.000	0	0.000
309	0	0.779	0.450	-1.000	0	0.000
310	0	0.000	0.000	-1.000	0	0.000
311	0	-0.000	-0.900	-1.000	0	0.000
312	0	0.000	0.000	-1.000	0	0.000
313	50	-0.000	-0.900	0.050	2	0.000
314	0	0.000	0.000	-1.000	0	0.000
315	0	0.779	0.450	-1.000	0	0.000
316	0	0.000	0.000	-1.000	0	0.000
317	0	0.779	0.450	-1.000	0	0.000
318	0	0.000	0.000	-1.000	0	0.000
319	0	0.779	0.450	-1.000	0	0.000
320	0	0.000	0.000	-1.000	0	0.000
321	0	-0.779	0.450	-1.000	0	0.000
322	0	0.000	0.000	-1.000	0	0.000
323	0	0.779	0.450	-1.000	0	0.000
324	0	0.000	0.000	-1.000	0	0.000
325	0	-0.779	0.450	-1.000	0	0.000
326	0	0.000	0.000	-1.000	0	0.000
327	0	-0.000	-0.900	-1.000	0	0.000
328	0	0.000	0.000	-1.000	0	0.000
329	0	-0.779	0.450	-1.000	0	0.000
330	0	0.000	0.000	-1.000	0	0.000
331	0	-0.000	-0.900	-1.000	0	0.000
332	0	0.000	0.000	-1.000	0	0.000
333	0	0.779	0.450	-1.000	0	0.000
334	0	0.000	0.000	-1.000	0	0.000
335	0	0.779	0.450	-1.000	0	0.000
336	0	0.000	0.000	-1.000	0	0.000
337	50	-0.000	-0.900	0.039	2	0.000
338	0	0.000	0.000	-1.000	0	0.000
339	0	-0.000	-0.900	-1.000	0	0.000
340	0	0.000	0.000	-1.000	0	0.000
341	0	0.779	0.450	-1.000	0	0.000
342	0	0.000	0.000	-1.000	0	0.000
343	0	-0.000	-0.900	-1.000	0	0.000
344	0	0.000	0.000	-1.000	0	0.000
345	0	-0.000	-0.900	-1.000	0	0.000
346	0	0.000	0.000	-1.000	0	0.000
347	0	-0.779	0.450	-1.000	0	0.000
348	0	0.000	0.000	-1.000	0	0.000
349	0	-0.000	-0.900	-1.000	0	0.000
350	0	0.000	0.000	-1.000	0	0.000
351	0	-0.779	0.450	-1.000	0	0.000
352	0	0.000	0.000	-1.000	0	0.000
353	0	0.779	0.450	-1.000	0	0.000
354	0	0.000	0.000	-1.000	0	0.000
355	0	-0.779	0.450	-1.000	0	0.000
356	0	0.000	0.000	-1.000	0	0.000
357	0	-0.779	0.450	-1.000	0	0.000
358	0	0.000	0.000	-1.000	0	0.000
359	0	-0.779	0.450	-1.000	0	0.000
360	0	0.000	0.000	-1.000	0	0.000
361	0	-0.779	0.450	-1.000	0	0.000
362	0	0.000	0.000	-1.000	0	0.000
363	50	-0.779	0.450	0.050	2	0.000
364	0	0.000	0.000	-1.000	0	0.000
365	0	-0.779	0.450	-1.000	0	0.000
366	0	0.000	0.000	-1.000	0	0.000
367	0	-0.000	-0.900	-1.000	0	0.000
368	0	0.000	0.000	-1.000	0	0.000
369	0	-0.000	-0.900	-1.000	0	0.000
370	0	0.000	0.000	-1.000	0	0.000
371	0	0.779	0.450	-1.000	0	0.000
372	0	0.000	0.000	-1.000	0	0.000
373	0	-0.779	0.450	-1.000	0	0.000
374	0	0.000	0.000	-1.000	0	0.000
375	0	0.779	0.450	-1.000	0	0.000
376	0	0.000	0.000	-1.000	0	0.000
377	0	0.779	0.450	-1.000	0	0.000
378	0	0.000	0.000	-1.000	0	0.000
379	50	-0.779	0.450	0.044	2	0.000
380	0	0.000	0.000	-1.000	0	0.000
381	0	0.779	0.450	-1.000	0	0.000
382	0	0.000	0.000	-1.000	0	0.000
383	0	-0.779	0.450	-1.000	0	0.000
384	0	0.000	0.000	-1.000	0	0.000
385	0	-0.779	0.450	-1.000	0	0.000
386	0	0.000	0.000	-1.000	0	0.000
387	0	-0.779	0.450	-1.000	0	0.000
388	0	0.000	0.000	-1.000	0	0.000
389	0	0.779	0.450	-1.000	0	0.000
390	0	0.000	0.000	-1.000	0	0.000
391	50	0.779	0.450	0.022	2	0.000
392	0	0.000	0.000	-1.000	0	0.000
393	0	-0.779	0.450	-1.000	0	0.000
394	0	0.000	0.000	-1.000	0	0.000
395	0	-0.779	0.450	-1.000	0	0.000
396	0	0.000	0.000	-1.000	0	0.000
397	0	0.779	0.450	-1.000	0	0.000
398	0	0.000	0.000	-1.000	0	0.000
399	0	-0.000	-0.900	-1.000	0	0.000
400	0	0.000	0.000	-1.000	0	0.000
401	50	-0.000	-0.900	0.041	2	0.000
402	0	0.000	0.000	-1.000	0	0.000
403	0	-0.000	-0.900	-1.000	0	0.000
404	0	0.000	0.000	-1.000	0	0.000
405	0	-0.779	0.450	-1.000	0	0.000
406	0	0.000	0.000	-1.000	0	0.000
407	0	-0.000	-0.900	-1.000	0	0.000
408	0	0.000	0.000	-1.000	0	0.000
409	-50	0.779	0.450	0.020	2	0.000
410	0	0.000	0.000	-1.000	0	0.000
411	0	-0.000	-0.900	-1.000	0	0.000
412	0	0.000	0.000	-1.000	0	0.000
413	0	-0.779	0.450	-1.000	0	0.000
414	0	0.000	0.000	-1.000	0	0.000
415	0	-0.000	-0.900	-1.000	0	0.000
416	0	0.000	0.000	-1.000	0	0.000
417	0	-0.000	-0.900	-1.000	0	0.000
418	0	0.000	0.000	-1.000	0	0.000
419	0	-0.779	0.450	-1.000	0	0.000
420	0	0.000	0.000	-1.000	0	0.000
421	0	-0.000	-0.900	-1.000	0	0.000
422	0	0.000	0.000	-1.000	0	0.000
423	0	-0.779	0.450	-1.000	0	0.000
424	0	0.000	0.000	-1.000	0	0.000
425	0	0.779	0.450	-1.000	0	0.000
426	0	0.000	0.000	-1.000	0	0.000
427	0	-0.000	-0.900	-1.000	0	0.000
428	0	0.000	0.000	-1.000	0	0.000
429	0	-0.000	-0.900	-1.000	0	0.000
430	0	0.000	0.000	-1.000	0	0.000
431	0	-0.000	-0.900	-1.000	0	0.000
432	0	0.000	0.000	-1.000	0	0.000
433	-50	-0.000	-0.900	0.046	2	0.000
434	0	0.000	0.000	-1.000	0	0.000
435	0	-0.000	-0.900	-1.000	0	0.000
436	0	0.000	0.000	-1.000	0	0.000
437	0	-0.779	0.450	-1.000	0	0.000
438	0	0.000	0.000	-1.000	0	0.000
439	0	-0.779	0.450	-1.000	0	0.000
440	0	0.000	0.000	-1.000	0	0.000
441	0	-0.779	0.450	-1.000	0	0.000
442	0	0.000	0.000	-1.000	0	0.000
443	50	0.779	0.450	0.037	2	0.000
444	0	0.000	0.000	-1.000	0	0.000
445	0	0.779	0.450	-1.000	0	0.000
446	0	0.000	0.000	-1.000	0	0.000
447	0	0.779	0.450	-1.000	0	0.000
448	0	0.000	0.000	-1.000	0	0.000
449	0	0.779	0.450	-1.000	0	0.000
450	0	0.000	0.000	-1.000	0	0.000
451	0	0.779	0.450	-1.000	0	0.000
452	0	0.000	0.000	-1.000	0	0.000
453	-50	-0.779	0.450	0.039	2	0.000
454	0	0.000	0.000	-1.000	0	0.000
455	0	-0.000	-0.900	-1.000	0	0.000
456	0	0.000	0.000	-1.000	0	0.000
457	0	0.779	0.450	-1.000	0	0.000
458	0	0.000	0.000	-1.000	0	0.000
459	0	-0.779	0.450	-1.000	0	0.000
460	0	0.000	0.000	-1.000	0	0.000
461	0	-0.779	0.450	-1.000	0	0.000
462	0	0.000	0.000	-1.000	0	0.000
463	0	0.779	0.450	-1.000	0	0.000
464	0	0.000	0.000	-1.000	0	0.000
465	0	0.779	0.450	-1.000	0	0.000
466	0	0.000	0.000	-1.000	0	0.000
467	0	0.779	0.450	-1.000	0	0.000
468	0	0.000	0.000	-1.000	0	0.000
469	0	-0.779	0.450	-1.000	0	0.000
470	0	0.000	0.000	-1.000	0	0.000
471	-50	-0.000	-0.900	0.048	2	0.000
472	0	0.000	0.000	-1.000	0	0.000
473	0	-0.779	0.450	-1.000	0	0.000
474	0	0.000	0.000	-1.000	0	0.000
475	0	-0.000	-0.900	-1.000	0	0.000
476	0	0.000	0.000	-1.000	0	0.000
477	0	0.779	0.450	-1.000	0	0.000
478	0	0.000	0.000	-1.000	0	0.000
479	0	0.779	0.450	-1.000	0	0.000
480	0	0.000	0.000	-1.000	0	0.000
481	0	-0.779	0.450	-1.000	0	0.000
482	0	0.000	0.000	-1.000	0	0.000
483	-50	0.779	0.450	0.039	2	0.000
484	0	0.000	0.000	-1.000	0	0.000
485	0	-0.000	-0.900	-1.000	0	0.000
486	0	0.000	0.000	-1.000	0	0.000
487	0	-0.779	0.450	-1.000	0	0.000
488	0	0.000	0.000	-1.000	0	0.000
489	0	-0.779	0.450	-1.000	0	0.000
490	0	0.000	0.000	-1.000	0	0.000
491	0	-0.000	-0.900	-1.000	0	0.000
492	0	0.000	0.000	-1.000	0	0.000
493	50	-0.779	0.450	0.020	2	0.000
494	0	0.000	0.000	-1.000	0	0.000
495	0	-0.779	0.450	-1.000	0	0.000
496	0	0.000	0.000	-1.000	0	0.000
497	0	0.779	0.450	-1.000	0	0.000
498	0	0.000	0.000	-1.000	0	0.000
499	0	-0.779	0.450	-1.000	0	0.000
500	0	0.000	0.000	-1.000	0	0.000
501	0	-0.000	-0.900	-1.000	0	0.000
502	0	0.000	0.000	-1.000	0	0.000
503	0	-0.000	-0.900	-1.000	0	0.000
504	0	0.000	0.000	-1.000	0	0.000
505	0	0.779	0.450	-1.000	0	0.000
506	0	0.000	0.000	-1.000	0	0.000
507	0	0.779	0.450	-1.000	0	0.000
508	0	0.000	0.000	-1.000	0	0.000
509	0	-0.000	-0.900	-1.000	0	0.000
510	0	0.000	0.000	-1.000	0	0.000
511	-50	0.779	0.450	0.041	2	0.000
512	0	0.000	0.000	-1.000	0	0.000
513	0	-0.000	-0.900	-1.000	0	0.000
514	0	0.000	0.000	-1.000	0	0.000
515	0	-0.779	0.450	-1.000	0	0.000
516	0	0.000	0.000	-1.000	0	0.000
517	0	-0.000	-0.900	-1.000	0	0.000
518	0	0.000	0.000	-1.000	0	0.000
519	0	-0.000	-0.900	-1.000	0	0.000
520	0	0.000	0.000	-1.000	0	0.000
521	0	0.779	0.450	-1.000	0	0.000
522	0	0.000	0.000	-1.000	0	0.000
523	0	-0.000	-0.900	-1.000	0	0.000
524	0	0.000	0.000	-1.000	0	0.000
525	0	0.779	0.450	-1.000	0	0.000
526	0	0.000	0.000	-1.000	0	0.000
527	0	0.779	0.450	-1.000	0	0.000
528	0	0.000	0.000	-1.000	0	0.000
529	0	0.779	0.450	-1.000	0	0.000
530	0	0.000	0.000	-1.000	0	0.000
531	0	-0.000	-0.900	-1.000	0	0.000
532	0	0.000	0.000	-1.000	0	0.000
533	50	-0.779	0.450	0.035	2	0.000
534	0	0.000	0.000	-1.000	0	0.000
535	0	-0.779	0.450	-1.000	0	0.000
536	0	0.000	0.000	-1.000	0	0.000
537	0	-0.779	0.450	-1.000	0	0.000
538	0	0.000	0.000	-1.000	0	0.000
539	0	-0.000	-0.900	-1.000	0	0.000
540	0	0.000	0.000	-1.000	0	0.000
541	0	-0.000	-0.900	-1.000	0	0.000
542	0	0.000	0.000	-1.000	0	0.000
543	0	0.779	0.450	-1.000	0	0.000
544	0	0.000	0.000	-1.000	0	0.000
545	0	0.779	0.450	-1.000	0	0.000
546	0	0.000	0.000	-1.000	0	0.000
547	0	0.779	0.450	-1.000	0	0.000
548	0	0.000	0.000	-1.000	0	0.000
549	50	0.779	0.450	0.050	2	0.000
550	0	0.000	0.000	-1.000	0	0.000
551	0	-0.000	-0.900	-1.000	0	0.000
552	0	0.000	0.000	-1.000	0	0.000
553	0	0.779	0.450	-1.000	0	0.000
554	0	0.000	0.000	-1.000	0	0.000
555	0	-0.779	0.450	-1.000	0	0.000
556	0	0.000	0.000	-1.000	0	0.000
557	0	-0.000	-0.900	-1.000	0	0.000
558	0	0.000	0.000	-1.000	0	0.000
559	0	-0.000	-0.900	-1.000	0	0.000
560	0	0.000	0.000	-1.000	0	0.000
561	0	-0.000	-0.900	-1.000	0	0.000
562	0	0.000	0.000	-1.000	0	0.000
563	0	0.779	0.450	-1.000	0	0.000
564	0	0.000	0.000	-1.000	0	0.000
565	0	0.779	0.450	-1.000	0	0.000
566	0	0.000	0.000	-1.000	0	0.000
567	0	0.779	0.450	-1.000	0	0.000
568	0	0.000	0.000	-1.000	0	0.000
569	-50	-0.000	-0.900	0.031	2	0.000
570	0	0.000	0.000	-1.000	0	0.000
571	0	0.779	0.450	-1.000	0	0.000
572	0	0.000	0.000	-1.000	0	0.000
573	0	0.779	0.450	-1.000	0	0.000
574	0	0.000	0.000	-1.000	0	0.000
575	0	-0.000	-0.900	-1.000	0	0.000
576	0	0.000	0.000	-1.000	0	0.000
577	0	0.779	0.450	-1.000	0	0.000
578	0	0.000	0.000	-1.000	0	0.000
579	0	-0.779	0.450	-1.000	0	0.000
580	0	0.000	0.000	-1.000	0	0.000
581	-50	0.779	0.450	0.024	2	0.000
582	0	0.000	0.000	-1.000	0	0.000
583	0	0.779	0.450	-1.000	0	0.000
584	0	0.000	0.000	-1.000	0	0.000
585	0	-0.779	0.450	-1.000	0	0.000
586	0	0.000	0.000	-1.000	0	0.000
587	0	0.779	0.450	-1.000	0	0.000
588	0	0.000	0.000	-1.000	0	0.000
589	0	-0.779	0.450	-1.000	0	0.000
590	0	0.000	0.000	-1.000	0	0.000
591	0	-0.000	-0.900	-1.000	0	0.000
592	0	0.000	0.000	-1.000	0	0.000
593	-50	0.779	0.450	0.044	2	0.000
594	0	0.000	0.000	-1.000	0	0.000
595	0	0.779	0.450	-1.000	0	0.000
596	0	0.000	0.000	-1.000	0	0.000
597	0	0.779	0.450	-1.000	0	0.000
598	0	0.000	0.000	-1.000	0	0.000
599	0	-0.779	0.450	-1.000	0	0.000
600	0	0.000	0.000	-1.000	0	0.000
601	0	-0.779	0.450	-1.000	0	0.000
602	0	0.000	0.000	-1.000	0	0.000
603	0	0.779	0.450	-1.000	0	0.000
604	0	0.000	0.000	-1.000	0	0.000
605	0	-0.779	0.450	-1.000	0	0.000
606	0	0.000	0.000	-1.000	0	0.000
607	0	-0.000	-0.900	-1.000	0	0.000
608	0	0.000	0.000	-1.000	0	0.000
609	0	0.779	0.450	-1.000	0	0.000
610	0	0.000	0.000	-1.000	0	0.000
611	50	-0.779	0.450	0.024	2	0.000
612	0	0.000	0.000	-1.000	0	0.000
613	0	0.779	0.450	-1.000	0	0.000
614	0	0.000	0.000	-1.000	0	0.000
615	0	-0.779	0.450	-1.000	0	0.000
616	0	0.000	0.000	-1.000	0	0.000
617	0	0.779	0.450	-1.000	0	0.000
618	0	0.000	0.000	-1.000	0	0.000
619	0	-0.779	0.450	-1.000	0	0.000
620	0	0.000	0.000	-1.000	0	0.000
621	0	-0.779	0.450	-1.000	0	0.000
622	0	0.000	0.000	-1.000	0	0.000
623	50	-0.000	-0.900	0.037	2	0.000
624	0	0.000	0.000	-1.000	0	0.000
625	0	-0.779	0.450	-1.000	0	0.000
626	0	0.000	0.000	-1.000	0	0.000
627	0	-0.779	0.450	-1.000	0	0.000
628	0	0.000	0.000	-1.000	0	0.000
629	0	-0.000	-0.900	-1.000	0	0.000
630	0	0.000	0.000	-1.000	0	0.000
631	0	-0.000	-0.900	-1.000	0	0.000
632	0	0.000	0.000	-1.000	0	0.000
633	0	-0.779	0.450	-1.000	0	0.000
634	0	0.000	0.000	-1.000	0	0.000
635	0	-0.000	-0.900	-1.000	0	0.000
636	0	0.000	0.000	-1.000	0	0.000
637	0	0.779	0.450	-1.000	0	0.000
638	0	0.000	0.000	-1.000	0	0.000
639	0	-0.000	-0.900	-1.000	0	0.000
640	0	0.000	0.000	-1.000	0	0.000
641	0	-0.779	0.450	-1.000	0	0.000
642	0	0.000	0.000	-1.000	0	0.000
643	0	-0.779	0.450	-1.000	0	0.000
644	0	0.000	0.000	-1.000	0	0.000
645	0	-0.779	0.450	-1.000	0	0.000
646	0	0.000	0.000	-1.000	0	0.000
647	0	0.779	0.450	-1.000	0	0.000
648	0	0.000	0.000	-1.000	0	0.000
649	-50	-0.000	-0.900	0.024	2	0.000
650	0	0.000	0.000	-1.000	0	0.000
651	0	-0.000	-0.900	-1.000	0	0.000
652	0	0.000	0.000	-1.000	0	0.000
653	0	0.779	0.450	-1.000	0	0.000
654	0	0.000	0.000	-1.000	0	0.000
655	0	0.779	0.450	-1.000	0	0.000
656	0	0.000	0.000	-1.000	0	0.000
657	0	-0.000	-0.900	-1.000	0	0.000
658	0	0.000	0.000	-1.000	0	0.000
659	0	-0.000	-0.900	-1.000	0	0.000
660	0	0.000	0.000	-1.000	0	0.000
661	-50	-0.779	0.450	0.029	2	0.000
662	0	0.000	0.000	-1.000	0	0.000
663	0	-0.779	0.450	-1.000	0	0.000
664	0	0.000	0.000	-1.000	0	0.000
665	0	-0.779	0.450	-1.000	0	0.000
666	0	0.000	0.000	-1.000	0	0.000
667	0	-0.000	-0.900	-1.000	0	0.000
668	0	0.000	0.000	-1.000	0	0.000
669	0	-0.000	-0.900	-1.000	0	0.000
670	0	0.000	0.000	-1.000	0	0.000
671	0	-0.000	-0.900	-1.000	0	0.000
672	0	0.000	0.000	-1.000	0	0.000
673	0	-0.779	0.450	-1.000	0	0.000
674	0	0.000	0.000	-1.000	0	0.000
675	0	-0.779	0.450	-1.000	0	0.000
676	0	0.000	0.000	-1.000	0	0.000
677	0	0.779	0.450	-1.000	0	0.000
678	0	0.000	0.000	-1.000	0	0.000
679	0	0.779	0.450	-1.000	0	0.000
680	0	0.000	0.000	-1.000	0	0.000
681	0	-0.779	0.450	-1.000	0	0.000
682	0	0.000	0.000	-1.000	0	0.000
683	0	-0.779	0.450	-1.000	0	0.000
684	0	0.000	0.000	-1.000	0	0.000
685	0	-0.000	-0.900	-1.000	0	0.000
686	0	0.000	0.000	-1.000	0	0.000
687	0	-0.000	-0.900	-1.000	0	0.000
688	0	0.000	0.000	-1.000	0	0.000
689	50	-0.000	-0.900	0.022	2	0.000
690	0	0.000	0.000	-1.000	0	0.000
691	0	-0.779	0.450	-1.000	0	0.000
692	0	0.000	0.000	-1.000	0	0.000
693	0	-0.000	-0.900	-1.000	0	0.000
694	0	0.000	0.000	-1.000	0	0.000
695	0	0.779	0.450	-1.000	0	0.000
696	0	0.000	0.000	-1.000	0	0.000
697	0	-0.779	0.450	-1.000	0	0.000
698	0	0.000	0.000	-1.000	0	0.000
699	0	-0.779	0.450	-1.000	0	0.000
700	0	0.000	0.000	-1.000	0	0.000
701	0	-0.779	0.450	-1.000	0	0.000
702	0	0.000	0.000	-1.000	0	0.000
703	50	-0.000	-0.900	0.044	2	0.000
704	0	0.000	0.000	-1.000	0	0.000
705	0	-0.779	0.450	-1.000	0	0.000
706	0	0.000	0.000	-1.000	0	0.000
707	0	-0.000	-0.900	-1.000	0	0.000
708	0	0.000	0.000	-1.000	0	0.000
709	0	-0.000	-0.900	-1.000	0	0.000
710	0	0.000	0.000	-1.000	0	0.000
711	0	0.779	0.450	-1.000	0	0.000
712	0	0.000	0.000	-1.000	0	0.000
713	0	-0.779	0.450	-1.000	0	0.000
714	0	0.000	0.000	-1.000	0	0.000
715	0	-0.000	-0.900	-1.000	0	0.000
716	0	0.000	0.000	-1.000	0	0.000
717	0	-0.000	-0.900	-1.000	0	0.000
718	0	0.000	0.000	-1.000	0	0.000
719	0	-0.000	-0.900	-1.000	0	0.000
720	0	0.000	0.000	-1.000	0	0.000
721	50	-0.779	0.450	0.041	2	0.000
722	0	0.000	0.000	-1.000	0	0.000
723	0	-0.779	0.450	-1.000	0	0.000
724	0	0.000	0.000	-1.000	0	0.000
725	0	-0.000	-0.900	-1.000	0	0.000
726	0	0.000	0.000	-1.000	0	0.000
727	0	-0.000	-0.900	-1.000	0	0.000
728	0	0.000	0.000	-1.000	0	0.000
729	0	-0.000	-0.900	-1.000	0	0.000
730	0	0.000	0.000	-1.000	0	0.000
731	0	-0.779	0.450	-1.000	0	0.000
732	0	0.000	0.000	-1.000	0	0.000
733	0	-0.000	-0.900	-1.000	0	0.000
734	0	0.000	0.000	-1.000	0	0.000
735	0	-0.779	0.450	-1.000	0	0.000
736	0	0.000	0.000	-1.000	0	0.000
737	0	-0.000	0 0	-1	-1.000
738	-50	-0.000	-0.900	0.033	2	0.150
739	0	0.000	0.000	-1.000	0	0.150
740	0	0.779	0.450	-1.000	0	0.150
741	0	0.000	0.000	-1.000	0	0.150
742	0	0.779	0.450	-1.000	0	0.150
743	0	0.000	0.000	-1.000	0	0.150
744	0	-0.779	0.450	-1.000	0	0.150
745	0	0.000	0.000	-1.000	0	0.150
746	0	0.779	0.450	-1.000	0	0.150
747	0	0.000	0.000	-1.000	0	0.150
748	0	-0.779	0.450	-1.000	0	0.150
749	0	0.000	0.000	-1.000	0	0.150
750	-50	-0.779	0.450	0.048	2	0.150
751	0	0.000	0.000	-1.000	0	0.150
752	0	-0.000	-0.900	-1.000	0	0.150
753	0	0.000	0.000	-1.000	0	0.150
754	0	-0.000	-0.900	-1.000	0	0.150
755	0	0.000	0.000	-1.000	0	0.150
756	0	-0.779	0.450	-1.000	0	0.150
757	0	0.000	0.000	-1.000	0	0.150
758	0	-0.000	-0.900	-1.000	0	0.150
759	0	0.000	0.000	-1.000	0	0.150
760	0	-0.000	-0.900	-1.000	0	0.150
761	0	0.000	0.000	-1.000	0	0.150
762	0	0.779	0.450	-1.000	0	0.150
763	0	0.000	0.000	-1.000	0	0.150
764	0	0.779	0.450	-1.000	0	0.150
765	0	0.000	0.000	-1.000	0	0.150
766	0	-0.000	-0.900	-1.000	0	0.150
767	0	0.000	0.000	-1.000	0	0.150
768	0	-0.000	-0.900	-1.000	0	0.150
769	0	0.000	0.000	-1.000	0	0.150
770	50	-0.000	-0.900	0.020	2	0.150
771	0	0.000	0.000	-1.000	0	0.150
772	0	0.779	0.450	-1.000	0	0.150
773	0	0.000	0.000	-1.000	0	0.150
774	0	0.779	0.450	-1.000	0	0.150
775	0	0.000	0.000	-1.000	0	0.150
776	0	0.779	0.450	-1.000	0	0.150
777	0	0.000	0.000	-1.000	0	0.150
778	0	0.779	0.450	-1.000	0	0.150
779	0	0.000	0.000	-1.000	0	0.150
780	0	0.779	0.450	-1.000	0	0.150
781	0	0.000	0.000	-1.000	0	0.150
782	0	0.779	0.450	-1.000	0	0.150
783	0	0.000	0.000	-1.000	0	0.150
784	0	-0.779	0.450	-1.000	0	0.150
785	0	0.000	0.000	-1.000	0	0.150
786	0	0.779	0.450	-1.000	0	0.150
787	0	0.000	0.000	-1.000	0	0.150
788	0	-0.779	0.450	-1.000	0	0.150
789	0	0.000	0.000	-1.000	0	0.150
790	50	-0.779	0.450	0.037	2	0.150
791	0	0.000	0.000	-1.000	0	0.150
792	0	0.779	0.450	-1.000	0	0.150
793	0	0.000	0.000	-1.000	0	0.150
794	0	0.779	0.450	-1.000	0	0.150
795	0	0.000	0.000	-1.000	0	0.150
796	0	-0.779	0.450	-1.000	0	0.150
797	0	0.000	0.000	-1.000	0	0.150
798	50	-0.779	0.450	0.026	2	0.150
799	0	0.000	0.000	-1.000	0	0.150
800	0	-0.000	-0.900	-1.000	0	0.150
801	0	0.000	0.000	-1.000	0	0.150
802	0	-0.000	-0.900	-1.000	0	0.150
803	0	0.000	0.000	-1.000	0	0.150
804	0	-0.000	-0.900	-1.000	0	0.150
805	0	0.000	0.000	-1.000	0	0.150
806	0	-0.779	0.450	-1.000	0	0.150
807	0	0.000	0.000	-1.000	0	0.150
808	0	-0.779	0.450	-1.000	0	0.150
809	0	0.000	0.000	-1.000	0	0.150
810	0	-0.779	0.450	-1.000	0	0.150
811	0	0.000	0.000	-1.000	0	0.150
812	-50	0.779	0.450	0.048	2	0.150
813	0	0.000	0.000	-1.000	0	0.150
814	0	0.779	0.450	-1.000	0	0.150
815	0	0.000	0.000	-1.000	0	0.150
816	0	-0.779	0.450	-1.000	0	0.150
817	0	0.000	0.000	-1.000	0	0.150
818	0	-0.779	0.450	-1.000	0	0.150
819	0	0.000	0.000	-1.000	0	0.150
820	0	-0.779	0.450	-1.000	0	0.150
821	0	0.000	0.000	-1.000	0	0.150
822	-50	-0.000	-0.900	0.026	2	0.150
823	0	0.000	0.000	-1.000	0	0.150
824	0	-0.779	0.450	-1.000	0	0.150
825	0	0.000	0.000	-1.000	0	0.150
826	0	-0.779	0.450	-1.000	0	0.150
827	0	0.000	0.000	-1.000	0	0.150
828	0	-0.779	0.450	-1.000	0	0.150
829	0	0.000	0.000	-1.000	0	0.150
830	50	-0.779	0.450	0.022	2	0.150
831	0	0.000	0.000	-1.000	0	0.150
832	0	0.779	0.450	-1.000	0	0.150
833	0	0.000	0.000	-1.000	0	0.150
834	0	-0.779	0.450	-1.000	0	0.150
835	0	0.000	0.000	-1.000	0	0.150
836	0	0.779	0.450	-1.000	0	0.150
837	0	0.000	0.000	-1.000	0	0.150
838	50	0.779	0.450	0.031	2	0.150
839	0	0.000	0.000	-1.000	0	0.150
840	0	-0.779	0.450	-1.000	0	0.150
841	0	0.000	0.000	-1.000	0	0.150
842	0	-0.779	0.450	-1.000	0	0.150
843	0	0.000	0.000	-1.000	0	0.150
844	0	-0.779	0.450	-1.000	0	0.150
845	0	0.000	0.000	-1.000	0	0.150
846	0	-0.000	-0.900	-1.000	0	0.150
847	0	0.000	0.000	-1.000	0	0.150
848	0	-0.000	-0.900	-1.000	0	0.150
849	0	0.000	0.000	-1.000	0	0.150
850	0	-0.000	-0.900	-1.000	0	0.150
851	0	0.000	0.000	-1.000	0	0.150
852	0	0.779	0.450	-1.000	0	0.150
853	0	0.000	0.000	-1.000	0	0.150
854	0	0.779	0.450	-1.000	0	0.150
855	0	0.000	0.000	-1.000	0	0.150
856	0	-0.000	-0.900	-1.000	0	0.150
857	0	0.000	0.000	-1.000	0	0.150
858	0	0.779	0.450	-1.000	0	0.150
859	0	0.000	0.000	-1.000	0	0.150
860	0	-0.000	-0.900	-1.000	0	0.150
861	0	0.000	0.000	-1.000	0	0.150
862	0	0.779	0.450	-1.000	0	0.150
863	0	0.000	0.000	-1.000	0	0.150
864	0	-0.000	-0.900	-1.000	0	0.150
865	0	0.000	0.000	-1.000	0	0.150
866	0	-0.779	0.450	-1.000	0	0.150
867	0	0.000	0.000	-1.000	0	0.150
868	0	0.779	0.450	-1.000	0	0.150
869	0	0.000	0.000	-1.000	0	0.150
870	0	-0.779	0.450	-1.000	0	0.150
871	0	0.000	0.000	-1.000	0	0.150
872	0	-0.779	0.450	-1.000	0	0.150
873	0	0.000	0.000	-1.000	0	0.150
874	0	0.779	0.450	-1.000	0	0.150
875	0	0.000	0.000	-1.000	0	0.150
876	50	-0.779	0.450	0.033	2	0.150
877	0	0.000	0.000	-1.000	0	0.150
878	0	-0.000	-0.900	-1.000	0	0.150
879	0	0.000	0.000	-1.000	0	0.150
880	0	0.779	0.450	-1.000	0	0.150
881	0	0.000	0.000	-1.000	0	0.150
882	0	0.779	0.450	-1.000	0	0.150
883	0	0.000	0.000	-1.000	0	0.150
884	0	-0.779	0.450	-1.000	0	0.150
885	0	0.000	0.000	-1.000	0	0.150
886	0	-0.000	-0.900	-1.000	0	0.150
887	0	0.000	0.000	-1.000	0	0.150
888	0	-0.000	-0.900	-1.000	0	0.150
889	0	0.000	0.000	-1.000	0	0.150
890	50	0.779	0.450	0.029	2	0.150
891	0	0.000	0.000	-1.000	0	0.150
892	0	-0.000	-0.900	-1.000	0	0.150
893	0	0.000	0.000	-1.000	0	0.150
894	0	0.779	0.450	-1.000	0	0.150
895	0	0.000	0.000	-1.000	0	0.150
896	0	0.779	0.450	-1.000	0	0.150
897	0	0.000	0.000	-1.000	0	0.150
898	0	-0.779	0.450	-1.000	0	0.150
899	0	0.000	0.000	-1.000	0	0.150
900	0	0.779	0.450	-1.000	0	0.150
901	0	0.000	0.000	-1.000	0	0.150
902	0	0.779	0.450	-1.000	0	0.150
903	0	0.000	0.000	-1.000	0	0.150
904	0	-0.000	-0.900	-1.000	0	0.150
905	0	0.000	0.000	-1.000	0	0.150
906	50	-0.000	-0.900	0.050	2	0.150
907	0	0.000	0.000	-1.000	0	0.150
908	0	0.779	0.450	-1.000	0	0.150
909	0	0.000	0.000	-1.000	0	0.150
910	0	0.779	0.450	-1.000	0	0.150
911	0	0.000	0.000	-1.000	0	0.150
912	0	0.779	0.450	-1.000	0	0.150
913	0	0.000	0.000	-1.000	0	0.150
914	0	-0.779	0.450	-1.000	0	0.150
915	0	0.000	0.000	-1.000	0	0.150
916	0	0.779	0.450	-1.000	0	0.150
917	0	0.000	0.000	-1.000	0	0.150
918	0	-0.779	0.450	-1.000	0	0.150
919	0	0.000	0.000	-1.000	0	0.150
920	0	-0.000	-0.900	-1.000	0	0.150
921	0	0.000	0.000	-1.000	0	0.150
922	0	-0.779	0.450	-1.000	0	0.150
923	0	0.000	0.000	-1.000	0	0.150
924	0	-0.000	-0.900	-1.000	0	0.150
925	0	0.000	0.000	-1.000	0	0.150
926	0	0.779	0.450	-1.000	0	0.150
927	0	0.000	0.000	-1.000	0	0.150
928	0	0.779	0.450	-1.000	0	0.150
929	0	0.000	0.000	-1.000	0	0.150
930	50	-0.000	-0.900	0.039	2	0.150
931	0	0.000	0.000	-1.000	0	0.150
932	0	-0.000	-0.900	-1.000	0	0.150
933	0	0.000	0.000	-1.000	0	0.150
934	0	0.779	0.450	-1.000	0	0.150
935	0	0.000	0.000	-1.000	0	0.150
936	0	-0.000	-0.900	-1.000	0	0.150
937	0	0.000	0.000	-1.000	0	0.150
938	0	-0.000	-0.900	-1.000	0	0.150
939	0	0.000	0.000	-1.000	0	0.150
940	0	-0.779	0.450	-1.000	0	0.150
941	0	0.000	0.000	-1.000	0	0.150
942	0	-0.000	-0.900	-1.000	0	0.150
943	0	0.000	0.000	-1.000	0	0.150
944	0	-0.779	0.450	-1.000	0	0.150
945	0	0.000	0.000	-1.000	0	0.150
946	0	0.779	0.450	-1.000	0	0.150
947	0	0.000	0.000	-1.000	0	0.150
948	0	-0.779	0.450	-1.000	0	0.150
949	0	0.000	0.000	-1.000	0	0.150
950	0	-0.779	0.450	-1.000	0	0.150
951	0	0.000	0.000	-1.000	0	0.150
952	0	-0.779	0.450	-1.000	0	0.150
953	0	0.000	0.000	-1.000	0	0.150
954	0	-0.779	0.450	-1.000	0	0.150
955	0	0.000	0.000	-1.000	0	0.150
956	50	-0.779	0.450	0.050	2	0.150
957	0	0.000	0.000	-1.000	0	0.150
958	0	-0.779	0.450	-1.000	0	0.150
959	0	0.000	0.000	-1.000	0	0.150
960	0	-0.000	-0.900	-1.000	0	0.150
961	0	0.000	0.000	-1.000	0	0.150
962	0	-0.000	-0.900	-1.000	0	0.150
963	0	0.000	0.000	-1.000	0	0.150
964	0	0.779	0.450	-1.000	0	0.150
965	0	0.000	0.000	-1.000	0	0.150
966	0	-0.779	0.450	-1.000	0	0.150
967	0	0.000	0.000	-1.000	0	0.150
968	0	0.779	0.450	-1.000	0	0.150
969	0	0.000	0.000	-1.000	0	0.150
970	0	0.779	0.450	-1.000	0	0.150
971	0	0.000	0.000	-1.000	0	0.150
972	50	-0.779	0.450	0.044	2	0.150
973	0	0.000	0.000	-1.000	0	0.150
974	0	0.779	0.450	-1.000	0	0.150
975	0	0.000	0.000	-1.000	0	0.150
976	0	-0.779	0.450	-1.000	0	0.150
977	0	0.000	0.000	-1.000	0	0.150
978	0	-0.779	0.450	-1.000	0	0.150
979	0	0.000	0.000	-1.000	0	0.150
980	0	-0.779	0.450	-1.000	0	0.150
981	0	0.000	0.000	-1.000	0	0.150
982	0	0.779	0.450	-1.000	0	0.150
983	0	0.000	0.000	-1.000	0	0.150
984	50	0.779	0.450	0.022	2	0.150
985	0	0.000	0.000	-1.000	0	0.150
986	0	-0.779	0.450	-1.000	0	0.150
987	0	0.000	0.000	-1.000	0	0.150
988	0	-0.779	0.450	-1.000	0	0.150
989	0	0.000	0.000	-1.000	0	0.150
990	0	0.779	0.450	-1.000	0	0.150
991	0	0.000	0.000	-1.000	0	0.150
992	0	-0.000	-0.900	-1.000	0	0.150
993	0	0.000	0.000	-1.000	0	0.150
994	50	-0.000	-0.900	0.041	2	0.150
995	0	0.000	0.000	-1.000	0	0.150
996	0	-0.000	-0.900	-1.000	0	0.150
997	0	0.000	0.000	-1.000	0	0.150
998	0	-0.779	0.450	-1.000	0	0.150
999	0	0.000	0.000	-1.000	0	0.150
1000	0	-0.000	-0.900	-1.000	0	0.150
1001	0	0.000	0.000	-1.000	0	0.150
1002	-50	0.779	0.450	0.020	2	0.150
1003	0	0.000	0.000	-1.000	0	0.150
1004	0	-0.000	-0.900	-1.000	0	0.150
1005	0	0.000	0.000	-1.000	0	0.150
1006	0	-0.779	0.450	-1.000	0	0.150
1007	0	0.000	0.000	-1.000	0	0.150
1008	0	-0.000	-0.900	-1.000	0	0.150
1009	0	0.000	0.000	-1.000	0	0.150
1010	0	-0.000	-0.900	-1.000	0	0.150
1011	0	0.000	0.000	-1.000	0	0.150
1012	0	-0.779	0.450	-1.000	0	0.150
1013	0	0.000	0.000	-1.000	0	0.150
1014	0	-0.000	-0.900	-1.000	0	0.150
1015	0	0.000	0.000	-1.000	0	0.150
1016	0	-0.779	0.450	-1.000	0	0.150
1017	0	0.000	0.000	-1.000	0	0.150
1018	0	0.779	0.450	-1.000	0	0.150
1019	0	0.000	0.000	-1.000	0	0.150
1020	0	-0.000	-0.900	-1.000	0	0.150
1021	0	0.000	0.000	-1.000	0	0.150
1022	0	-0.000	-0.900	-1.000	0	0.150
1023	0	0.000	0.000	-1.000	0	0.150
1024	0	-0.000	-0.900	-1.000	0	0.150
1025	0	0.000	0.000	-1.000	0	0.150
1026	-50	-0.000	-0.900	0.046	2	0.150
1027	0	0.000	0.000	-1.000	0	0.150
1028	0	-0.000	-0.900	-1.000	0	0.150
1029	0	0.000	0.000	-1.000	0	0.150
1030	0	-0.779	0.450	-1.000	0	0.150
1031	0	0.000	0.000	-1.000	0	0.150
1032	0	-0.779	0.450	-1.000	0	0.150
1033	0	0.000	0.000	-1.000	0	0.150
1034	0	-0.779	0.450	-1.000	0	0.150
1035	0	0.000	0.000	-1.000	0	0.150
1036	50	0.779	0.450	0.037	2	0.150
1037	0	0.000	0.000	-1.000	0	0.150
1038	0	0.779	0.450	-1.000	0	0.150
1039	0	0.000	0.000	-1.000	0	0.150
1040	0	0.779	0.450	-1.000	0	0.150
1041	0	0.000	0.000	-1.000	0	0.150
1042	0	0.779	0.450	-1.000	0	0.150
1043	0	0.000	0.000	-1.000	0	0.150
1044	0	0.779	0.450	-1.000	0	0.150
1045	0	0.000	0.000	-1.000	0	0.150
1046	-50	-0.779	0.450	0.039	2	0.150
1047	0	0.000	0.000	-1.000	0	0.150
1048	0	-0.000	-0.900	-1.000	0	0.150
1049	0	0.000	0.000	-1.000	0	0.150
1050	0	0.779	0.450	-1.000	0	0.150
1051	0	0.000	0.000	-1.000	0	0.150
1052	0	-0.779	0.450	-1.000	0	0.150
1053	0	0.000	0.000	-1.000	0	0.150
1054	0	-0.779	0.450	-1.000	0	0.150
1055	0	0.000	0.000	-1.000	0	0.150
1056	0	0.779	0.450	-1.000	0	0.150
1057	0	0.000	0.000	-1.000	0	0.150
1058	0	0.779	0.450	-1.000	0	0.150
1059	0	0.000	0.000	-1.000	0	0.150
1060	0	0.779	0.450	-1.000	0	0.150
1061	0	0.000	0.000	-1.000	0	0.150
1062	0	-0.779	0.450	-1.000	0	0.150
1063	0	0.000	0.000	-1.000	0	0.150
1064	-50	-0.000	-0.900	0.048	2	0.150
1065	0	0.000	0.000	-1.000	0	0.150
1066	0	-0.779	0.450	-1.000	0	0.150
1067	0	0.000	0.000	-1.000	0	0.150
1068	0	-0.000	-0.900	-1.000	0	0.150
1069	0	0.000	0.000	-1.000	0	0.150
1070	0	0.779	0.450	-1.000	0	0.150
1071	0	0.000	0.000	-1.000	0	0.150
1072	0	0.779	0.450	-1.000	0	0.150
1073	0	0.000	0.000	-1.000	0	0.150
1074	0	-0.779	0.450	-1.000	0	0.150
1075	0	0.000	0.000	-1.000	0	0.150
1076	-50	0.779	0.450	0.039	2	0.150
1077	0	0.000	0.000	-1.000	0	0.150
1078	0	-0.000	-0.900	-1.000	0	0.150
1079	0	0.000	0.000	-1.000	0	0.150
1080	0	-0.779	0.450	-1.000	0	0.150
1081	0	0.000	0.000	-1.000	0	0.150
1082	0	-0.779	0.450	-1.000	0	0.150
1083	0	0.000	0.000	-1.000	0	0.150
1084	0	-0.000	-0.900	-1.000	0	0.150
1085	0	0.000	0.000	-1.000	0	0.150
1086	50	-0.779	0.450	0.020	2	0.150
1087	0	0.000	0.000	-1.000	0	0.150
1088	0	-0.779	0.450	-1.000	0	0.150
1089	0	0.000	0.000	-1.000	0	0.150
1090	0	0.779	0.450	-1.000	0	0.150
1091	0	0.000	0.000	-1.000	0	0.150
1092	0	-0.779	0.450	-1.000	0	0.150
1093	0	0.000	0.000	-1.000	0	0.150
1094	0	-0.000	-0.900	-1.000	0	0.150
1095	0	0.000	0.000	-1.000	0	0.150
1096	0	-0.000	-0.900	-1.000	0	0.150
1097	0	0.000	0.000	-1.000	0	0.150
1098	0	0.779	0.450	-1.000	0	0.150
1099	0	0.000	0.000	-1.000	0	0.150
1100	0	0.779	0.450	-1.000	0	0.150
1101	0	0.000	0.000	-1.000	0	0.150
1102	0	-0.000	-0.900	-1.000	0	0.150
1103	0	0.000	0.000	-1.000	0	0.150
1104	-50	0.779	0.450	0.041	2	0.150
1105	0	0.000	0.000	-1.000	0	0.150
1106	0	-0.000	-0.900	-1.000	0	0.150
1107	0	0.000	0.000	-1.000	0	0.150
1108	0	-0.779	0.450	-1.000	0	0.150
1109	0	0.000	0.000	-1.000	0	0.150
1110	0	-0.000	-0.900	-1.000	0	0.150
1111	0	0.000	0.000	-1.000	0	0.150
1112	0	-0.000	-0.900	-1.000	0	0.150
1113	0	0.000	0.000	-1.000	0	0.150
1114	0	0.779	0.450	-1.000	0	0.150
1115	0	0.000	0.000	-1.000	0	0.150
1116	0	-0.000	-0.900	-1.000	0	0.150
1117	0	0.000	0.000	-1.000	0	0.150
1118	0	0.779	0.450	-1.000	0	0.150
1119	0	0.000	0.000	-1.000	0	0.150
1120	0	0.779	0.450	-1.000	0	0.150
1121	0	0.000	0.000	-1.000	0	0.150
1122	0	0.779	0.450	-1.000	0	0.150
1123	0	0.000	0.000	-1.000	0	0.150
1124	0	-0.000	-0.900	-1.000	0	0.150
1125	0	0.000	0.000	-1.000	0	0.150
1126	50	-0.779	0.450	0.035	2	0.150
1127	0	0.000	0.000	-1.000	0	0.150
1128	0	-0.779	0.450	-1.000	0	0.150
1129	0	0.000	0.000	-1.000	0	0.150
1130	0	-0.779	0.450	-1.000	0	0.150
1131	0	0.000	0.000	-1.000	0	0.150
1132	0	-0.000	-0.900	-1.000	0	0.150
1133	0	0.000	0.000	-1.000	0	0.150
1134	0	-0.000	-0.900	-1.000	0	0.150
1135	0	0.000	0.000	-1.000	0	0.150
1136	0	0.779	0.450	-1.000	0	0.150
1137	0	0.000	0.000	-1.000	0	0.150
1138	0	0.779	0.450	-1.000	0	0.150
1139	0	0.000	0.000	-1.000	0	0.150
1140	0	0.779	0.450	-1.000	0	0.150
1141	0	0.000	0.000	-1.000	0	0.150
1142	50	0.779	0.450	0.050	2	0.150
1143	0	0.000	0.000	-1.000	0	0.150
1144	0	-0.000	-0.900	-1.000	0	0.150
1145	0	0.000	0.000	-1.000	0	0.150
1146	0	0.779	0.450	-1.000	0	0.150
1147	0	0.000	0.000	-1.000	0	0.150
1148	0	-0.779	0.450	-1.000	0	0.150
1149	0	0.000	0.000	-1.000	0	0.150
1150	0	-0.000	-0.900	-1.000	0	0.150
1151	0	0.000	0.000	-1.000	0	0.150
1152	0	-0.000	-0.900	-1.000	0	0.150
1153	0	0.000	0.000	-1.000	0	0.150
1154	0	-0.000	-0.900	-1.000	0	0.150
1155	0	0.000	0.000	-1.000	0	0.150
1156	0	0.779	0.450	-1.000	0	0.150
1157	0	0.000	0.000	-1.000	0	0.150
1158	0	0.779	0.450	-1.000	0	0.150
1159	0	0.000	0.000	-1.000	0	0.150
1160	0	0.779	0.450	-1.000	0	0.150
1161	0	0.000	0.000	-1.000	0	0.150
1162	-50	-0.000	-0.900	0.031	2	0.150
1163	0	0.000	0.000	-1.000	0	0.150
1164	0	0.779	0.450	-1.000	0	0.150
1165	0	0.000	0.000	-1.000	0	0.150
1166	0	0.779	0.450	-1.000	0	0.150
1167	0	0.000	0.000	-1.000	0	0.150
1168	0	-0.000	-0.900	-1.000	0	0.150
1169	0	0.000	0.000	-1.000	0	0.150
1170	0	0.779	0.450	-1.000	0	0.150
1171	0	0.000	0.000	-1.000	0	0.150
1172	0	-0.779	0.450	-1.000	0	0.150
1173	0	0.000	0.000	-1.000	0	0.150
1174	-50	0.779	0.450	0.024	2	0.150
1175	0	0.000	0.000	-1.000	0	0.150
1176	0	0.779	0.450	-1.000	0	0.150
1177	0	0.000	0.000	-1.000	0	0.150
1178	0	-0.779	0.450	-1.000	0	0.150
1179	0	0.000	0.000	-1.000	0	0.150
1180	0	0.779	0.450	-1.000	0	0.150
1181	0	0.000	0.000	-1.000	0	0.150
1182	0	-0.779	0.450	-1.000	0	0.150
1183	0	0.000	0.000	-1.000	0	0.150
1184	0	-0.000	-0.900	-1.000	0	0.150
1185	0	0.000	0.000	-1.000	0	0.150
1186	-50	0.779	0.450	0.044	2	0.150
1187	0	0.000	0.000	-1.000	0	0.150
1188	0	0.779	0.450	-1.000	0	0.150
1189	0	0.000	0.000	-1.000	0	0.150
1190	0	0.779	0.450	-1.000	0	0.150
1191	0	0.000	0.000	-1.000	0	0.150
1192	0	-0.779	0.450	-1.000	0	0.150
1193	0	0.000	0.000	-1.000	0	0.150
1194	0	-0.779	0.450	-1.000	0	0.150
1195	0	0.000	0.000	-1.000	0	0.150
1196	0	0.779	0.450	-1.000	0	0.150
1197	0	0.000	0.000	-1.000	0	0.150
1198	0	-0.779	0.450	-1.000	0	0.150
1199	0	0.000	0.000	-1.000	0	0.150
1200	0	-0.000	-0.900	-1.000	0	0.150
1201	0	0.000	0.000	-1.000	0	0.150
1202	0	0.779	0.450	-1.000	0	0.150
1203	0	0.000	0.000	-1.000	0	0.150
1204	50	-0.779	0.450	0.024	2	0.150
1205	0	0.000	0.000	-1.000	0	0.150
1206	0	0.779	0.450	-1.000	0	0.150
1207	0	0.000	0.000	-1.000	0	0.150
1208	0	-0.779	0.450	-1.000	0	0.150
1209	0	0.000	0.000	-1.000	0	0.150
1210	0	0.779	0.450	-1.000	0	0.150
1211	0	0.000	0.000	-1.000	0	0.150
1212	0	-0.779	0.450	-1.000	0	0.150
1213	0	0.000	0.000	-1.000	0	0.150
1214	0	-0.779	0.450	-1.000	0	0.150
1215	0	0.000	0.000	-1.000	0	0.150
1216	50	-0.000	-0.900	0.037	2	0.150
1217	0	0.000	0.000	-1.000	0	0.150
1218	0	-0.779	0.450	-1.000	0	0.150
1219	0	0.000	0.000	-1.000	0	0.150
1220	0	-0.779	0.450	-1.000	0	0.150
1221	0	0.000	0.000	-1.000	0	0.150
1222	0	-0.000	-0.900	-1.000	0	0.150
1223	0	0.000	0.000	-1.000	0	0.150
1224	0	-0.000	-0.900	-1.000	0	0.150
1225	0	0.000	0.000	-1.000	0	0.150
1226	0	-0.779	0.450	-1.000	0	0.150
1227	0	0.000	0.000	-1.000	0	0.150
1228	0	-0.000	-0.900	-1.000	0	0.150
1229	0	0.000	0.000	-1.000	0	0.150
1230	0	0.779	0.450	-1.000	0	0.150
1231	0	0.000	0.000	-1.000	0	0.150
1232	0	-0.000	-0.900	-1.000	0	0.150
1233	0	0.000	0.000	-1.000	0	0.150
1234	0	-0.779	0.450	-1.000	0	0.150
1235	0	0.000	0.000	-1.000	0	0.150
1236	0	-0.779	0.450	-1.000	0	0.150
1237	0	0.000	0.000	-1.000	0	0.150
1238	0	-0.779	0.450	-1.000	0	0.150
1239	0	0.000	0.000	-1.000	0	0.150
1240	0	0.779	0.450	-1.000	0	0.150
1241	0	0.000	0.000	-1.000	0	0.150
1242	-50	-0.000	-0.900	0.024	2	0.150
1243	0	0.000	0.000	-1.000	0	0.150
1244	0	-0.000	-0.900	-1.000	0	0.150
1245	0	0.000	0.000	-1.000	0	0.150
1246	0	0.779	0.450	-1.000	0	0.150
1247	0	0.000	0.000	-1.000	0	0.150
1248	0	0.779	0.450	-1.000	0	0.150
1249	0	0.000	0.000	-1.000	0	0.150
1250	0	-0.000	-0.900	-1.000	0	0.150
1251	0	0.000	0.000	-1.000	0	0.150
1252	0	-0.000	-0.900	-1.000	0	0.150
1253	0	0.000	0.000	-1.000	0	0.150
1254	-50	-0.779	0.450	0.029	2	0.150
1255	0	0.000	0.000	-1.000	0	0.150
1256	0	-0.779	0.450	-1.000	0	0.150
1257	0	0.000	0.000	-1.000	0	0.150
1258	0	-0.779	0.450	-1.000	0	0.150
1259	0	0.000	0.000	-1.000	0	0.150
1260	0	-0.000	-0.900	-1.000	0	0.150
1261	0	0.000	0.000	-1.000	0	0.150
1262	0	-0.000	-0.900	-1.000	0	0.150
1263	0	0.000	0.000	-1.000	0	0.150
1264	0	-0.000	-0.900	-1.000	0	0.150
1265	0	0.000	0.000	-1.000	0	0.150
1266	0	-0.779	0.450	-1.000	0	0.150
1267	0	0.000	0.000	-1.000	0	0.150
1268	0	-0.779	0.450	-1.000	0	0.150
1269	0	0.000	0.000	-1.000	0	0.150
1270	0	0.779	0.450	-1.000	0	0.150
1271	0	0.000	0.000	-1.000	0	0.150
1272	0	0.779	0.450	-1.000	0	0.150
1273	0	0.000	0.000	-1.000	0	0.150
1274	0	-0.779	0.450	-1.000	0	0.150
1275	0	0.000	0.000	-1.000	0	0.150
1276	0	-0.779	0.450	-1.000	0	0.150
1277	0	0.000	0.000	-1.000	0	0.150
1278	0	-0.000	-0.900	-1.000	0	0.150
1279	0	0.000	0.000	-1.000	0	0.150
1280	0	-0.000	-0.900	-1.000	0	0.150
1281	0	0.000	0.000	-1.000	0	0.150
1282	50	-0.000	-0.900	0.022	2	0.150
1283	0	0.000	0.000	-1.000	0	0.150
1284	0	-0.779	0.450	-1.000	0	0.150
1285	0	0.000	0.000	-1.000	0	0.150
1286	0	-0.000	-0.900	-1.000	0	0.150
1287	0	0.000	0.000	-1.000	0	0.150
1288	0	0.779	0.450	-1.000	0	0.150
1289	0	0.000	0.000	-1.000	0	0.150
1290	0	-0.779	0.450	-1.000	0	0.150
1291	0	0.000	0.000	-1.000	0	0.150
1292	0	-0.779	0.450	-1.000	0	0.150
1293	0	0.000	0.000	-1.000	0	0.150
1294	0	-0.779	0.450	-1.000	0	0.150
1295	0	0.000	0.000	-1.000	0	0.150
1296	50	-0.000	-0.900	0.044	2	0.150
1297	0	0.000	0.000	-1.000	0	0.150
1298	0	-0.779	0.450	-1.000	0	0.150
1299	0	0.000	0.000	-1.000	0	0.150
1300	0	-0.000	-0.900	-1.000	0	0.150
1301	0	0.000	0.000	-1.000	0	0.150
1302	0	-0.000	-0.900	-1.000	0	0.150
1303	0	0.000	0.000	-1.000	0	0.150
1304	0	0.779	0.450	-1.000	0	0.150
1305	0	0.000	0.000	-1.000	0	0.150
1306	0	-0.779	0.450	-1.000	0	0.150
1307	0	0.000	0.000	-1.000	0	0.150
1308	0	-0.000	-0.900	-1.000	0	0.150
1309	0	0.000	0.000	-1.000	0	0.150
1310	0	-0.000	-0.900	-1.000	0	0.150
1311	0	0.000	0.000	-1.000	0	0.150
1312	0	-0.000	-0.900	-1.000	0	0.150
1313	0	0.000	0.000	-1.000	0	0.150
1314	50	-0.779	0.450	0.041	2	0.150
1315	0	0.000	0.000	-1.000	0	0.150
1316	0	-0.779	0.450	-1.000	0	0.150
1317	0	0.000	0.000	-1.000	0	0.150
1318	0	-0.000	-0.900	-1.000	0	0.150
1319	0	0.000	0.000	-1.000	0	0.150
1320	0	-0.000	-0.900	-1.000	0	0.150
1321	0	0.000	0.000	-1.000	0	0.150
1322	0	-0.000	-0.900	-1.000	0	0.150
1323	0	0.000	0.000	-1.000	0	0.150
1324	0	-0.779	0.450	-1.000	0	0.150
1325	0	0.000	0.000	-1.000	0	0.150
1326	0	-0.000	-0.900	-1.000	0	0.150
1327	0	0.000	0.000	-1.000	0	0.150
1328	0	-0.779	0.450	-1.000	0	0.150
1329	0	0.000	0.000	-1.000	0	0.150
1330	0	-0.000	-0.900	-1.000	0	0.150
1331	0	0.000	0.000	-1.000	0	0.150
1332	0	-0.000	-0.900	-1.000	0	0.150
1333	0	0.000	0.000	-1.000	0	0.150
1334	50	0.779	0.450	0.026	2	0.150
1335	0	0.000	0.000	-1.000	0	0.150
1336	0	-0.779	0.450	-1.000	0	0.150
1337	0	0.000	0.000	-1.000	0	0.150
1338	0	-0.779	0.450	-1.000	0	0.150
1339	0	0.000	0.000	-1.000	0	0.150
1340	0	-0.000	-0.900	-1.000	0	0.150
1341	0	0.000	0.000	-1.000	0	0.150
1342	0	0.779	0.450	-1.000	0	0.150
1343	0	0.000	0.000	-1.000	0	0.150
1344	0	0.779	0.450	-1.000	0	0.150
1345	0	0.000	0.000	-1.000	0	0.150
1346	0	-0.000	-0.900	-1.000	0	0.150
1347	0	0.000	0.000	-1.000	0	0.150
1348	0	-0.779	0.450	-1.000	0	0.150
1349	0	0.000	0.000	-1.000	0	0.150
1350	-50	-0.779	0.450	0.031	2	0.150
1351	0	0.000	0.000	-1.000	0	0.150
1352	0	0.779	0.450	-1.000	0	0.150
1353	0	0.000	0.000	-1.000	0	0.150
1354	0	-0.779	0.450	-1.000	0	0.150
1355	0	0.000	0.000	-1.000	0	0.150
1356	0	0.779	0.450	-1.000	0	0.150
1357	0	0.000	0.000	-1.000	0	0.150
1358	0	-0.000	-0.900	-1.000	0	0.150
1359	0	0.000	0.000	-1.000	0	0.150
1360	0	0.779	0.450	-1.000	0	0.150
1361	0	0.000	0.000	-1.000	0	0.150
1362	0	-0.779	0.450	-1.000	0	0.150
1363	0	0.000	0.000	-1.000	0	0.150
1364	0	-0.000	-0.900	-1.000	0	0.150
1365	0	0.000	0.000	-1.000	0	0.150
1366	50	-0.000	-0.900	0.029	2	0.150
1367	0	0.000	0.000	-1.000	0	0.150
1368	0	-0.779	0.450	-1.000	0	0.150
1369	0	0.000	0.000	-1.000	0	0.150
1370	0	0.779	0.450	-1.000	0	0.150
1371	0	0.000	0.000	-1.000	0	0.150
1372	0	0.779	0.450	-1.000	0	0.150
1373	0	0.000	0.000	-1.000	0	0.150
1374	50	-0.000	-0.900	0.035	2	0.150
1375	0	0.000	0.000	-1.000	0	0.150
1376	0	-0.000	-0.900	-1.000	0	0.150
1377	0	0.000	0.000	-1.000	0	0.150
1378	0	-0.000	-0.900	-1.000	0	0.150
1379	0	0.000	0.000	-1.000	0	0.150
1380	0	-0.000	-0.900	-1.000	0	0.150
1381	0	0.000	0.000	-1.000	0	0.150
1382	0	0.779	0.450	-1.000	0	0.150
1383	0	0.000	0.000	-1.000	0	0.150
1384	0	-0.000	-0.900	-1.000	0	0.150
1385	0	0.000	0.000	-1.000	0	0.150
1386	0	0.779	0.450	-1.000	0	0.150
1387	0	0.000	0.000	-1.000	0	0.150
1388	0	0.779	0.450	-1.000	0	0.150
1389	0	0.000	0.000	-1.000	0	0.150
1390	0	-0.000	-0.900	-1.000	0	0.150
1391	0	0.000	0.000	-1.000	0	0.150
1392	0	-0.779	0.450	-1.000	0	0.150
1393	0	0.000	0.000	-1.000	0	0.150
1394	0	-0.000	-0.900	-1.000	0	0.150
1395	0	0.000	0.000	-1.000	0	0.150
1396	-50	0.779	0.450	0.035	2	0.150
1397	0	0.000	0.000	-1.000	0	0.150
1398	0	-0.779	0.450	-1.000	0	0.150
1399	0	0.000	0.000	-1.000	0	0.150
1400	0	-0.000	-0.900	-1.000	0	0.150
1401	0	0.000	0.000	-1.000	0	0.150
1402	0	-0.779	0.450	-1.000	0	0.150
1403	0	0.000	0.000	-1.000	0	0.150
1404	0	-0.000	-0.900	-1.000	0	0.000
1405	0	0.000	0.000	-1.000	0	0.000
1406	0	-0.000	-0.900	-1.000	0	0.000
1407	0	0.000	0.000	-1.000	0	0.000
1408	0	-0.779	0.450	-1.000	0	0.000
1409	0	0.000	0.000	-1.000	0	0.000
1410	-50	0.779	0.450	0.033	2	0.000
1411	0	0.000	0.000	-1.000	0	0.000
1412	0	0.779	0.450	-1.000	0	0.000
1413	0	0.000	0.000	-1.000	0	0.000
1414	0	-0.000	-0.900	-1.000	0	0.000
1415	0	0.000	0.000	-1.000	0	0.000
1416	0	0.779	0.450	-1.000	0	0.000
1417	0	0.000	0.000	-1.000	0	0.000
1418	-50	0.779	0.450	0.046	2	0.000
1419	0	0.000	0.000	-1.000	0	0.000
1420	0	-0.000	-0.900	-1.000	0	0.000
1421	0	0.000	0.000	-1.000	0	0.000
1422	0	0.779	0.450	-1.000	0	0.000
1423	0	0.000	0.000	-1.000	0	0.000
1424	0	-0.779	0.450	-1.000	0	0.000
1425	0	0.000	0.000	-1.000	0	0.000
1426	0	-0.000	-0.900	-1.000	0	0.000
1427	0	0.000	0.000	-1.000	0	0.000
1428	0	-0.779	0.450	-1.000	0	0.000
1429	0	0.000	0.000	-1.000	0	0.000
1430	0	0.779	0.450	-1.000	0	0.000
1431	0	0.000	0.000	-1.000	0	0.000
1432	0	-0.779	0.450	-1.000	0	0.000
1433	0	0.000	0.000	-1.000	0	0.000
1434	0	0.779	0.450	-1.000	0	0.000
1435	0	0.000	0.000	-1.000	0	0.000
1436	-50	-0.779	0.450	0.046	2	0.000
1437	0	0.000	0.000	-1.000	0	0.000
1438	0	-0.000	-0.900	-1.000	0	0.000
1439	0	0.000	0.000	-1.000	0	0.000
1440	0	0.779	0.450	-1.000	0	0.000
1441	0	0.000	0.000	-1.000	0	0.000
1442	0	-0.779	0.450	-1.000	0	0.000
1443	0	0.000	0.000	-1.000	0	0.000
1444	0	-0.000	-0.900	-1.000	0	0.000
1445	0	0.000	0.000	-1.000	0	0.000
1446	0	0.779	0.450	-1.000	0	0.000
1447	0	0.000	0.000	-1.000	0	0.000
1448	-50	-0.000	-0.900	0.033	2	0.000
1449	0	0.000	0.000	-1.000	0	0.000
1450	0	0.779	0.450	-1.000	0	0.000
1451	0	0.000	0.000	-1.000	0	0.000
1452	0	0.779	0.450	-1.000	0	0.000
1453	0	0.000	0.000	-1.000	0	0.000
1454	0	-0.779	0.450	-1.000	0	0.000
1455	0	0.000	0.000	-1.000	0	0.000
1456	0	0.779	0.450	-1.000	0	0.000
1457	0	0.000	0.000	-1.000	0	0.000
1458	0	-0.779	0.450	-1.000	0	0.000
1459	0	0.000	0.000	-1.000	0	0.000
1460	-50	-0.779	0.450	0.048	2	0.000
1461	0	0.000	0.000	-1.000	0	0.000
1462	0	-0.000	-0.900	-1.000	0	0.000
1463	0	0.000	0.000	-1.000	0	0.000
1464	0	-0.000	-0.900	-1.000	0	0.000
1465	0	0.000	0.000	-1.000	0	0.000
1466	0	-0.779	0.450	-1.000	0	0.000
1467	0	0.000	0.000	-1.000	0	0.000
1468	0	-0.000	-0.900	-1.000	0	0.000
1469	0	0.000	0.000	-1.000	0	0.000
1470	0	-0.000	-0.900	-1.000	0	0.000
1471	0	0.000	0.000	-1.000	0	0.000
1472	0	0.779	0.450	-1.000	0	0.000
1473	0	0.000	0.000	-1.000	0	0.000
1474	0	0.779	0.450	-1.000	0	0.000
1475	0	0.000	0.000	-1.000	0	0.000
1476	0	-0.000	-0.900	-1.000	0	0.000
1477	0	0.000	0.000	-1.000	0	0.000
1478	0	-0.000	-0.900	-1.000	0	0.000
1479	0	0.000	0.000	-1.000	0	0.000
1480	50	-0.000	-0.900	0.020	2	0.000
1481	0	0.000	0.000	-1.000	0	0.000
1482	0	0.779	0.450	-1.000	0	0.000
1483	0	0.000	0.000	-1.000	0	0.000
1484	0	0.779	0.450	-1.000	0	0.000
1485	0	0.000	0.000	-1.000	0	0.000
1486	0	0.779	0.450	-1.000	0	0.000
1487	0	0.000	0.000	-1.000	0	0.000
1488	0	0.779	0.450	-1.000	0	0.000
1489	0	0.000	0.000	-1.000	0	0.000
1490	0	0.779	0.450	-1.000	0	0.000
1491	0	0.000	0.000	-1.000	0	0.000
1492	0	0.779	0.450	-1.000	0	0.000
1493	0	0.000	0.000	-1.000	0	0.000
1494	0	-0.779	0.450	-1.000	0	0.000
1495	0	0.000	0.000	-1.000	0	0.000
1496	0	0.779	0.450	-1.000	0	0.000
1497	0	0.000	0.000	-1.000	0	0.000
1498	0	-0.779	0.450	-1.000	0	0.000
1499	0	0.000	0.000	-1.000	0	0.000
1500	50	-0.779	0.450	0.037	2	0.000
1501	0	0.000	0.000	-1.000	0	0.000
1502	0	0.779	0.450	-1.000	0	0.000
1503	0	0.000	0.000	-1.000	0	0.000
1504	0	0.779	0.450	-1.000	0	0.000
1505	0	0.000	0.000	-1.000	0	0.000
1506	0	-0.779	0.450	-1.000	0	0.000
1507	0	0.000	0.000	-1.000	0	0.000
1508	50	-0.779	0.450	0.026	2	0.000
1509	0	0.000	0.000	-1.000	0	0.000
1510	0	-0.000	-0.900	-1.000	0	0.000
1511	0	0.000	0.000	-1.000	0	0.000
1512	0	-0.000	-0.900	-1.000	0	0.000
1513	0	0.000	0.000	-1.000	0	0.000
1514	0	-0.000	-0.900	-1.000	0	0.000
1515	0	0.000	0.000	-1.000	0	0.000
1516	0	-0.779	0.450	-1.000	0	0.000
1517	0	0.000	0.000	-1.000	0	0.000
1518	0	-0.779	0.450	-1.000	0	0.000
1519	0	0.000	0.000	-1.000	0	0.000
1520	0	-0.779	0.450	-1.000	0	0.000
1521	0	0.000	0.000	-1.000	0	0.000
1522	-50	0.779	0.450	0.048	2	0.000
1523	0	0.000	0.000	-1.000	0	0.000
1524	0	0.779	0.450	-1.000	0	0.000
1525	0	0.000	0.000	-1.000	0	0.000
1526	0	-0.779	0.450	-1.000	0	0.000
1527	0	0.000	0.000	-1.000	0	0.000
1528	0	-0.779	0.450	-1.000	0	0.000
1529	0	0.000	0.000	-1.000	0	0.000
1530	0	-0.779	0.450	-1.000	0	0.000
1531	0	0.000	0.000	-1.000	0	0.000
1532	-50	-0.000	-0.900	0.026	2	0.000
1533	0	0.000	0.000	-1.000	0	0.000
1534	0	-0.779	0.450	-1.000	0	0.000
1535	0	0.000	0.000	-1.000	0	0.000
1536	0	-0.779	0.450	-1.000	0	0.000
1537	0	0.000	0.000	-1.000	0	0.000
1538	0	-0.779	0.450	-1.000	0	0.000
1539	0	0.000	0.000	-1.000	0	0.000
1540	50	-0.779	0.450	0.022	2	0.000
1541	0	0.000	0.000	-1.000	0	0.000
1542	0	0.779	0.450	-1.000	0	0.000
1543	0	0.000	0.000	-1.000	0	0.000
1544	0	-0.779	0.450	-1.000	0	0.000
1545	0	0.000	0.000	-1.000	0	0.000
1546	0	0.779	0.450	-1.000	0	0.000
1547	0	0.000	0.000	-1.000	0	0.000
1548	50	0.779	0.450	0.031	2	0.000
1549	0	0.000	0.000	-1.000	0	0.000
1550	0	-0.779	0.450	-1.000	0	0.000
1551	0	0.000	0.000	-1.000	0	0.000
1552	0	-0.779	0.450	-1.000	0	0.000
1553	0	0.000	0.000	-1.000	0	0.000
1554	0	-0.779	0.450	-1.000	0	0.000
1555	0	0.000	0.000	-1.000	0	0.000
1556	0	-0.000	-0.900	-1.000	0	0.000
1557	0	0.000	0.000	-1.000	0	0.000
1558	0	-0.000	-0.900	-1.000	0	0.000
1559	0	0.000	0.000	-1.000	0	0.000
1560	0	-0.000	-0.900	-1.000	0	0.000
1561	0	0.000	0.000	-1.000	0	0.000
1562	0	0.779	0.450	-1.000	0	0.000
1563	0	0.000	0.000	-1.000	0	0.000
1564	0	0.779	0.450	-1.000	0	0.000
1565	0	0.000	0.000	-1.000	0	0.000
1566	0	-0.000	-0.900	-1.000	0	0.000
1567	0	0.000	0.000	-1.000	0	0.000
1568	0	0.779	0.450	-1.000	0	0.000
1569	0	0.000	0.000	-1.000	0	0.000
1570	0	-0.000	-0.900	-1.000	0	0.000
1571	0	0.000	0.000	-1.000	0	0.000
1572	0	0.779	0.450	-1.000	0	0.000
1573	0	0.000	0.000	-1.000	0	0.000
1574	0	-0.000	-0.900	-1.000	0	0.000
1575	0	0.000	0.000	-1.000	0	0.000
1576	0	-0.779	0.450	-1.000	0	0.000
1577	0	0.000	0.000	-1.000	0	0.000
1578	0	0.779	0.450	-1.000	0	0.000
1579	0	0.000	0.000	-1.000	0	0.000
1580	0	-0.779	0.450	-1.000	0	0.000
1581	0	0.000	0.000	-1.000	0	0.000
1582	0	-0.779	0.450	-1.000	0	0.000
1583	0	0.000	0.000	-1.000	0	0.000
1584	0	0.779	0.450	-1.000	0	0.000
1585	0	0.000	0.000	-1.000	0	0.000
1586	50	-0.779	0.450	0.033	2	0.000
1587	0	0.000	0.000	-1.000	0	0.000
1588	0	-0.000	-0.900	-1.000	0	0.000
1589	0	0.000	0.000	-1.000	0	0.000
1590	0	0.779	0.450	-1.000	0	0.000
1591	0	0.000	0.000	-1.000	0	0.000
1592	0	0.779	0.450	-1.000	0	0.000
1593	0	0.000	0.000	-1.000	0	0.000
1594	0	-0.779	0.450	-1.000	0	0.000
1595	0	0.000	0.000	-1.000	0	0.000
1596	0	-0.000	-0.900	-1.000	0	0.000
1597	0	0.000	0.000	-1.000	0	0.000
1598	0	-0.000	-0.900	-1.000	0	0.000
1599	0	0.000	0.000	-1.000	0	0.000
1600	50	0.779	0.450	0.029	2	0.000
1601	0	0.000	0.000	-1.000	0	0.000
1602	0	-0.000	-0.900	-1.000	0	0.000
1603	0	0.000	0.000	-1.000	0	0.000
1604	0	0.779	0.450	-1.000	0	0.000
1605	0	0.000	0.000	-1.000	0	0.000
1606	0	0.779	0.450	-1.000	0	0.000
1607	0	0.000	0.000	-1.000	0	0.000
1608	0	-0.779	0.450	-1.000	0	0.000
1609	0	0.000	0.000	-1.000	0	0.000
1610	0	0.779	0.450	-1.000	0	0.000
1611	0	0.000	0.000	-1.000	0	0.000
1612	0	0.779	0.450	-1.000	0	0.000
1613	0	0.000	0.000	-1.000	0	0.000
1614	0	-0.000	-0.900	-1.000	0	0.000
1615	0	0.000	0.000	-1.000	0	0.000
1616	50	-0.000	-0.900	0.050	2	0.000
1617	0	0.000	0.000	-1.000	0	0.000
1618	0	0.779	0.450	-1.000	0	0.000
1619	0	0.000	0.000	-1.000	0	0.000
1620	0	0.779	0.450	-1.000	0	0.000
1621	0	0.000	0.000	-1.000	0	0.000
1622	0	0.779	0.450	-1.000	0	0.000
1623	0	0.000	0.000	-1.000	0	0.000
1624	0	-0.779	0.450	-1.000	0	0.000
1625	0	0.000	0.000	-1.000	0	0.000
1626	0	0.779	0.450	-1.000	0	0.000
1627	0	0.000	0.000	-1.000	0	0.000
1628	0	-0.779	0.450	-1.000	0	0.000
1629	0	0.000	0.000	-1.000	0	0.000
1630	0	-0.000	-0.900	-1.000	0	0.000
1631	0	0.000	0.000	-1.000	0	0.000
1632	0	-0.779	0.450	-1.000	0	0.000
1633	0	0.000	0.000	-1.000	0	0.000
1634	0	-0.000	-0.900	-1.000	0	0.000
1635	0	0.000	0.000	-1.000	0	0.000
1636	0	0.779	0.450	-1.000	0	0.000
1637	0	0.000	0.000	-1.000	0	0.000
1638	0	0.779	0.450	-1.000	0	0.000
1639	0	0.000	0.000	-1.000	0	0.000
1640	50	-0.000	-0.900	0.039	2	0.000
1641	0	0.000	0.000	-1.000	0	0.000
1642	0	-0.000	-0.900	-1.000	0	0.000
1643	0	0.000	0.000	-1.000	0	0.000
1644	0	0.779	0.450	-1.000	0	0.000
1645	0	0.000	0.000	-1.000	0	0.000
1646	0	-0.000	-0.900	-1.000	0	0.000
1647	0	0.000	0.000	-1.000	0	0.000
1648	0	-0.000	-0.900	-1.000	0	0.000
1649	0	0.000	0.000	-1.000	0	0.000
1650	0	-0.779	0.450	-1.000	0	0.000
1651	0	0.000	0.000	-1.000	0	0.000
1652	0	-0.000	-0.900	-1.000	0	0.000
1653	0	0.000	0.000	-1.000	0	0.000
1654	0	-0.779	0.450	-1.000	0	0.000
1655	0	0.000	0.000	-1.000	0	0.000
1656	0	0.779	0.450	-1.000	0	0.000
1657	0	0.000	0.000	-1.000	0	0.000
1658	0	-0.779	0.450	-1.000	0	0.000
1659	0	0.000	0.000	-1.000	0	0.000
1660	0	-0.779	0.450	-1.000	0	0.000
1661	0	0.000	0.000	-1.000	0	0.000
1662	0	-0.779	0.450	-1.000	0	0.000
1663	0	0.000	0.000	-1.000	0	0.000
1664	0	-0.779	0.450	-1.000	0	0.000
1665	0	0.000	0.000	-1.000	0	0.000
1666	50	-0.779	0.450	0.050	2	0.000
1667	0	0.000	0.000	-1.000	0	0.000
1668	0	-0.779	0.450	-1.000	0	0.000
1669	0	0.000	0.000	-1.000	0	0.000
1670	0	-0.000	-0.900	-1.000	0	0.000
1671	0	0.000	0.000	-1.000	0	0.000
1672	0	-0.000	-0.900	-1.000	0	0.000
1673	0	0.000	0.000	-1.000	0	0.000
1674	0	0.779	0.450	-1.000	0	0.000
1675	0	0.000	0.000	-1.000	0	0.000
1676	0	-0.779	0.450	-1.000	0	0.000
1677	0	0.000	0.000	-1.000	0	0.000
1678	0	0.779	0.450	-1.000	0	0.000
1679	0	0.000	0.000	-1.000	0	0.000
1680	0	0.779	0.450	-1.000	0	0.000
1681	0	0.000	0.000	-1.000	0	0.000
1682	50	-0.779	0.450	0.044	2	0.000
1683	0	0.000	0.000	-1.000	0	0.000
1684	0	0.779	0.450	-1.000	0	0.000
1685	0	0.000	0.000	-1.000	0	0.000
1686	0	-0.779	0.450	-1.000	0	0.000
1687	0	0.000	0.000	-1.000	0	0.000
1688	0	-0.779	0.450	-1.000	0	0.000
1689	0	0.000	0.000	-1.000	0	0.000
1690	0	-0.779	0.450	-1.000	0	0.000
1691	0	0.000	0.000	-1.000	0	0.000
1692	0	0.779	0.450	-1.000	0	0.000
1693	0	0.000	0.000	-1.000	0	0.000
1694	50	0.779	0.450	0.022	2	0.000
1695	0	0.000	0.000	-1.000	0	0.000
1696	0	-0.779	0.450	-1.000	0	0.000
1697	0	0.000	0.000	-1.000	0	0.000
1698	0	-0.779	0.450	-1.000	0	0.000
1699	0	0.000	0.000	-1.000	0	0.000
1700	0	0.779	0.450	-1.000	0	0.000
1701	0	0.000	0.000	-1.000	0	0.000
1702	0	-0.000	-0.900	-1.000	0	0.000
1703	0	0.000	0.000	-1.000	0	0.000
1704	50	-0.000	-0.900	0.041	2	0.000
1705	0	0.000	0.000	-1.000	0	0.000
1706	0	-0.000	-0.900	-1.000	0	0.000
1707	0	0.000	0.000	-1.000	0	0.000
1708	0	-0.779	0.450	-1.000	0	0.000
1709	0	0.000	0.000	-1.000	0	0.000
1710	0	-0.000	-0.900	-1.000	0	0.000
1711	0	0.000	0.000	-1.000	0	0.000
1712	-50	0.779	0.450	0.020	2	0.000
1713	0	0.000	0.000	-1.000	0	0.000
1714	0	-0.000	-0.900	-1.000	0	0.000
1715	0	0.000	0.000	-1.000	0	0.000
1716	0	-0.779	0.450	-1.000	0	0.000
1717	0	0.000	0.000	-1.000	0	0.000
1718	0	-0.000	-0.900	-1.000	0	0.000
1719	0	0.000	0.000	-1.000	0	0.000
1720	0	-0.000	-0.900	-1.000	0	0.000
1721	0	0.000	0.000	-1.000	0	0.000
1722	0	-0.779	0.450	-1.000	0	0.000
1723	0	0.000	0.000	-1.000	0	0.000
1724	0	-0.000	-0.900	-1.000	0	0.000
1725	0	0.000	0.000	-1.000	0	0.000
1726	0	-0.779	0.450	-1.000	0	0.000
1727	0	0.000	0.000	-1.000	0	0.000
1728	0	0.779	0.450	-1.000	0	0.000
1729	0	0.000	0.000	-1.000	0	0.000
1730	0	-0.000	-0.900	-1.000	0	0.000
1731	0	0.000	0.000	-1.000	0	0.000
1732	0	-0.000	-0.900	-1.000	0	0.000
1733	0	0.000	0.000	-1.000	0	0.000
1734	0	-0.000	-0.900	-1.000	0	0.000
1735	0	0.000	0.000	-1.000	0	0.000
1736	-50	-0.000	-0.900	0.046	2	0.000
1737	0	0.000	0.000	-1.000	0	0.000
1738	0	-0.000	-0.900	-1.000	0	0.000
1739	0	0.000	0.000	-1.000	0	0.000
1740	0	-0.779	0.450	-1.000	0	0.000
1741	0	0.000	0.000	-1.000	0	0.000
1742	0	-0.779	0.450	-1.000	0	0.000
1743	0	0.000	0.000	-1.000	0	0.000
1744	0	-0.779	0.450	-1.000	0	0.000
1745	0	0.000	0.000	-1.000	0	0.000
1746	50	0.779	0.450	0.037	2	0.000
1747	0	0.000	0.000	-1.000	0	0.000
1748	0	0.779	0.450	-1.000	0	0.000
1749	0	0.000	0.000	-1.000	0	0.000
1750	0	0.779	0.450	-1.000	0	0.000
1751	0	0.000	0.000	-1.000	0	0.000
1752	0	0.779	0.450	-1.000	0	0.000
1753	0	0.000	0.000	-1.000	0	0.000
1754	0	0.779	0.450	-1.000	0	0.000
1755	0	0.000	0.000	-1.000	0	0.000
1756	-50	-0.779	0.450	0.039	2	0.000
1757	0	0.000	0.000	-1.000	0	0.000
1758	0	-0.000	-0.900	-1.000	0	0.000
1759	0	0.000	0.000	-1.000	0	0.000
1760	0	0.779	0.450	-1.000	0	0.000
1761	0	0.000	0.000	-1.000	0	0.000
1762	0	-0.779	0.450	-1.000	0	0.000
1763	0	0.000	0.000	-1.000	0	0.000
1764	0	-0.779	0.450	-1.000	0	0.000
1765	0	0.000	0.000	-1.000	0	0.000
1766	0	0.779	0.450	-1.000	0	0.000
1767	0	0.000	0.000	-1.000	0	0.000
1768	0	0.779	0.450	-1.000	0	0.000
1769	0	0.000	0.000	-1.000	0	0.000
1770	0	0.779	0.450	-1.000	0	0.000
1771	0	0.000	0.000	-1.000	0	0.000
1772	0	-0.779	0.450	-1.000	0	0.000
1773	0	0.000	0.000	-1.000	0	0.000
1774	-50	-0.000	-0.900	0.048	2	0.000
1775	0	0.000	0.000	-1.000	0	0.000
1776	0	-0.779	0.450	-1.000	0	0.000
1777	0	0.000	0.000	-1.000	0	0.000
1778	0	-0.000	-0.900	-1.000	0	0.000
1779	0	0.000	0.000	-1.000	0	0.000
1780	0	0.779	0.450	-1.000	0	0.000
1781	0	0.000	0.000	-1.000	0	0.000
1782	0	0.779	0.450	-1.000	0	0.000
1783	0	0.000	0.000	-1.000	0	0.000
1784	0	-0.779	0.450	-1.000	0	0.000
1785	0	0.000	0.000	-1.000	0	0.000
1786	-50	0.779	0.450	0.039	2	0.000
1787	0	0.000	0.000	-1.000	0	0.000
1788	0	-0.000	-0.900	-1.000	0	0.000
1789	0	0.000	0.000	-1.000	0	0.000
1790	0	-0.779	0.450	-1.000	0	0.000
1791	0	0.000	0.000	-1.000	0	0.000
1792	0	-0.779	0.450	-1.000	0	0.000
1793	0	0.000	0.000	-1.000	0	0.000
1794	0	-0.000	-0.900	-1.000	0	0.000
1795	0	0.000	0.000	-1.000	0	0.000
1796	50	-0.779	0.450	0.020	2	0.000
1797	0	0.000	0.000	-1.000	0	0.000
1798	0	-0.779	0.450	-1.000	0	0.000
1799	0	0.000	0.000	-1.000	0	0.000
1800	0	0.779	0.450	-1.000	0	0.000
1801	0	0.000	0.000	-1.000	0	0.000
1802	0	-0.779	0.450	-1.000	0	0.000
1803	0	0.000	0.000	-1.000	0	0.000
1804	0	-0.000	-0.900	-1.000	0	0.000
1805	0	0.000	0.000	-1.000	0	0.000
1806	0	-0.000	-0.900	-1.000	0	0.000
1807	0	0.000	0.000	-1.000	0	0.000
1808	0	0.779	0.450	-1.000	0	0.000
1809	0	0.000	0.000	-1.000	0	0.000
1810	0	0.779	0.450	-1.000	0	0.000
1811	0	0.000	0.000	-1.000	0	0.000
1812	0	-0.000	-0.900	-1.000	0	0.000
1813	0	0.000	0.000	-1.000	0	0.000
1814	-50	0.779	0.450	0.041	2	0.000
1815	0	0.000	0.000	-1.000	0	0.000
1816	0	-0.000	-0.900	-1.000	0	0.000
1817	0	0.000	0.000	-1.000	0	0.000
1818	0	-0.779	0.450	-1.000	0	0.000
1819	0	0.000	0.000	-1.000	0	0.000
1820	0	-0.000	-0.900	-1.000	0	0.000
1821	0	0.000	0.000	-1.000	0	0.000
1822	0	-0.000	-0.900	-1.000	0	0.000
1823	0	0.000	0.000	-1.000	0	0.000
1824	0	0.779	0.450	-1.000	0	0.000
1825	0	0.000	0.000	-1.000	0	0.000
1826	0	-0.000	-0.900	-1.000	0	0.000
1827	0	0.000	0.000	-1.000	0	0.000
1828	0	0.779	0.450	-1.000	0	0.000
1829	0	0.000	0.000	-1.000	0	0.000
1830	0	0.779	0.450	-1.000	0	0.000
1831	0	0.000	0.000	-1.000	0	0.000
1832	0	0.779	0.450	-1.000	0	0.000
1833	0	0.000	0.000	-1.000	0	0.000
1834	0	-0.000	-0.900	-1.000	0	0.000
1835	0	0.000	0.000	-1.000	0	0.000
1836	50	-0.779	0.450	0.035	2	0.000
1837	0	0.000	0.000	-1.000	0	0.000
1838	0	-0.779	0.450	-1.000	0	0.000
1839	0	0.000	0.000	-1.000	0	0.000
1840	0	-0.779	0.450	-1.000	0	0.000
1841	0	0.000	0.000	-1.000	0	0.000
1842	0	-0.000	-0.900	-1.000	0	0.000
1843	0	0.000	0.000	-1.000	0	0.000
1844	0	-0.000	-0.900	-1.000	0	0.000
1845	0	0.000	0.000	-1.000	0	0.000
1846	0	0.779	0.450	-1.000	0	0.000
1847	0	0.000	0.000	-1.000	0	0.000
1848	0	0.779	0.450	-1.000	0	0.000
1849	0	0.000	0.000	-1.000	0	0.000
1850	0	0.779	0.450	-1.000	0	0.000
1851	0	0.000	0.000	-1.000	0	0.000
1852	50	0.779	0.450	0.050	2	0.000
1853	0	0.000	0.000	-1.000	0	0.000
1854	0	-0.000	-0.900	-1.000	0	0.000
1855	0	0.000	0.000	-1.000	0	0.000
1856	0	0.779	0.450	-1.000	0	0.000
1857	0	0.000	0.000	-1.000	0	0.000
1858	0	-0.779	0.450	-1.000	0	0.000
1859	0	0.000	0.000	-1.000	0	0.000
1860	0	-0.000	-0.900	-1.000	0	0.000
1861	0	0.000	0.000	-1.000	0	0.000
1862	0	-0.000	-0.900	-1.000	0	0.000
1863	0	0.000	0.000	-1.000	0	0.000
1864	0	-0.000	-0.900	-1.000	0	0.000
1865	0	0.000	0.000	-1.000	0	0.000
1866	0	0.779	0.450	-1.000	0	0.000
1867	0	0.000	0.000	-1.000	0	0.000
1868	0	0.779	0.450	-1.000	0	0.000
1869	0	0.000	0.000	-1.000	0	0.000
1870	0	0.779	0.450	-1.000	0	0.000
1871	0	0.000	0.000	-1.000	0	0.000
1872	-50	-0.000	-0.900	0.031	2	0.000
1873	0	0.000	0.000	-1.000	0	0.000
1874	0	0.779	0.450	-1.000	0	0.000
1875	0	0.000	0.000	-1.000	0	0.000
1876	0	0.779	0.450	-1.000	0	0.000
1877	0	0.000	0.000	-1.000	0	0.000
1878	0	-0.000	-0.900	-1.000	0	0.000
1879	0	0.000	0.000	-1.000	0	0.000
1880	0	0.779	0.450	-1.000	0	0.000
1881	0	0.000	0.000	-1.000	0	0.000
1882	0	-0.779	0.450	-1.000	0	0.000
1883	0	0.000	0.000	-1.000	0	0.000
1884	-50	0.779	0.450	0.024	2	0.000
1885	0	0.000	0.000	-1.000	0	0.000
1886	0	0.779	0.450	-1.000	0	0.000
1887	0	0.000	0.000	-1.000	0	0.000
1888	0	-0.779	0.450	-1.000	0	0.000
1889	0	0.000	0.000	-1.000	0	0.000
1890	0	0.779	0.450	-1.000	0	0.000
1891	0	0.000	0.000	-1.000	0	0.000
1892	0	-0.779	0.450	-1.000	0	0.000
1893	0	0.000	0.000	-1.000	0	0.000
1894	0	-0.000	-0.900	-1.000	0	0.000
1895	0	0.000	0.000	-1.000	0	0.000
1896	-50	0.779	0.450	0.044	2	0.000
1897	0	0.000	0.000	-1.000	0	0.000
1898	0	0.779	0.450	-1.000	0	0.000
1899	0	0.000	0.000	-1.000	0	0.000
1900	0	0.779	0.450	-1.000	0	0.000
1901	0	0.000	0.000	-1.000	0	0.000
1902	0	-0.779	0.450	-1.000	0	0.000
1903	0	0.000	0.000	-1.000	0	0.000
1904	0	-0.779	0.450	-1.000	0	0.000
1905	0	0.000	0.000	-1.000	0	0.000
1906	0	0.779	0.450	-1.000	0	0.000
1907	0	0.000	0.000	-1.000	0	0.000
1908	0	-0.779	0.450	-1.000	0	0.000
1909	0	0.000	0.000	-1.000	0	0.000
1910	0	-0.000	-0.900	-1.000	0	0.000
1911	0	0.000	0.000	-1.000	0	0.000
1912	0	0.779	0.450	-1.000	0	0.000
1913	0	0.000	0.000	-1.000	0	0.000
1914	50	-0.779	0.450	0.024	2	0.000
1915	0	0.000	0.000	-1.000	0	0.000
1916	0	0.779	0.450	-1.000	0	0.000
1917	0	0.000	0.000	-1.000	0	0.000
1918	0	-0.779	0.450	-1.000	0	0.000
1919	0	0.000	0.000	-1.000	0	0.000
1920	0	0.779	0.450	-1.000	0	0.000
1921	0	0.000	0.000	-1.000	0	0.000
1922	0	-0.779	0.450	-1.000	0	0.000
1923	0	0.000	0.000	-1.000	0	0.000
1924	0	-0.779	0.450	-1.000	0	0.000
1925	0	0.000	0.000	-1.000	0	0.000
1926	50	-0.000	-0.900	0.037	2	0.000
1927	0	0.000	0.000	-1.000	0	0.000
1928	0	-0.779	0.450	-1.000	0	0.000
1929	0	0.000	0.000	-1.000	0	0.000
1930	0	-0.779	0.450	-1.000	0	0.000
1931	0	0.000	0.000	-1.000	0	0.000
1932	0	-0.000	-0.900	-1.000	0	0.000
1933	0	0.000	0.000	-1.000	0	0.000
1934	0	-0.000	-0.900	-1.000	0	0.000
1935	0	0.000	0.000	-1.000	0	0.000
1936	0	-0.779	0.450	-1.000	0	0.000
1937	0	0.000	0.000	-1.000	0	0.000
1938	0	-0.000	-0.900	-1.000	0	0.000
1939	0	0.000	0.000	-1.000	0	0.000
1940	0	0.779	0.450	-1.000	0	0.000
1941	0	0.000	0.000	-1.000	0	0.000
1942	0	-0.000	-0.900	-1.000	0	0.000
1943	0	0.000	0.000	-1.000	0	0.000
1944	0	-0.779	0.450	-1.000	0	0.000
1945	0	0.000	0.000	-1.000	0	0.000
1946	0	-0.779	0.450	-1.000	0	0.000
1947	0	0.000	0.000	-1.000	0	0.000
1948	0	-0.779	0.450	-1.000	0	0.000
1949	0	0.000	0.000	-1.000	0	0.000
1950	0	0.779	0.450	-1.000	0	0.000
1951	0	0.000	0.000	-1.000	0	0.000
1952	-50	-0.000	-0.900	0.024	2	0.000
1953	0	0.000	0.000	-1.000	0	0.000
1954	0	-0.000	-0.900	-1.000	0	0.000
1955	0	0.000	0.000	-1.000	0	0.000
1956	0	0.779	0.450	-1.000	0	0.000
1957	0	0.000	0.000	-1.000	0	0.000
1958	0	0.779	0.450	-1.000	0	0.000
1959	0	0.000	0.000	-1.000	0	0.000
1960	0	-0.000	-0.900	-1.000	0	0.000
1961	0	0.000	0.000	-1.000	0	0.000
1962	0	-0.000	-0.900	-1.000	0	0.000
1963	0	0.000	0.000	-1.000	0	0.000
1964	-50	-0.779	0.450	0.029	2	0.000
1965	0	0.000	0.000	-1.000	0	0.000
1966	0	-0.779	0.450	-1.000	0	0.000
1967	0	0.000	0.000	-1.000	0	0.000
1968	0	-0.779	0.450	-1.000	0	0.000
1969	0	0.000	0.000	-1.000	0	0.000
1970	0	-0.000	-0.900	-1.000	0	0.000
1971	0	0.000	0.000	-1.000	0	0.000
1972	0	-0.000	-0.900	-1.000	0	0.000
1973	0	0.000	0.000	-1.000	0	0.000
1974	0	-0.000	-0.900	-1.000	0	0.000
1975	0	0.000	0.000	-1.000	0	0.000
1976	0	-0.779	0.450	-1.000	0	0.000
1977	0	0.000	0.000	-1.000	0	0.000
1978	0	-0.779	0.450	-1.000	0	0.000
1979	0	0.000	0.000	-1.000	0	0.000
1980	0	0.779	0.450	-1.000	0	0.000
1981	0	0.000	0.000	-1.000	0	0.000
1982	0	0.779	0.450	-1.000	0	0.000
1983	0	0.000	0.000	-1.000	0	0.000
1984	0	-0.779	0.450	-1.000	0	0.000
1985	0	0.000	0.000	-1.000	0	0.000
1986	0	-0.779	0.450	-1.000	0	0.000
1987	0	0.000	0.000	-1.000	0	0.000
1988	0	-0.000	-0.900	-1.000	0	0.000
1989	0	0.000	0.000	-1.000	0	0.000
1990	0	-0.000	-0.900	-1.000	0	0.000
1991	0	0.000	0.000	-1.000	0	0.000
1992	50	-0.000	-0.900	0.022	2	0.000
1993	0	0.000	0.000	-1.000	0	0.000
1994	0	-0.779	0.450	-1.000	0	0.000
1995	0	0.000	0.000	-1.000	0	0.000
1996	0	-0.000	-0.900	-1.000	0	0.000
1997	0	0.000	0.000	-1.000	0	0.000
1998	0	0.779	0.450	-1.000	0	0.000
1999	0	0.000	0.000	-1.000	0	0.000
2000	0	-0.779	0.450	-1.000	0	0.000
2001	0	0.000	0.000	-1.000	0	0.000
2002	0	-0.779	0.450	-1.000	0	0.000
2003	0	0.000	0.000	-1.000	0	0.000
2004	0	-0.779	0.450	-1.000	0	0.000
2005	0	0.000	0.000	-1.000	0	0.000
2006	50	-0.000	-0.900	0.044	2	0.000
2007	0	0.000	0.000	-1.000	0	0.000
2008	0	-0.779	0.450	-1.000	0	0.000
2009	0	0.000	0.000	-1.000	0	0.000
2010	0	-0.000	-0.900	-1.000	0	0.000
2011	0	0.000	0.000	-1.000	0	0.000
2012	0	-0.000	-0.900	-1.000	0	0.000
2013	0	0.000	0.000	-1.000	0	0.000
2014	0	0.779	0.450	-1.000	0	0.000
2015	0	0.000	0.000	-1.000	0	0.000
2016	0	-0.779	0.450	-1.000	0	0.000
2017	0	0.000	0.000	-1.000	0	0.000
2018	0	-0.000	-0.900	-1.000	0	0.000
2019	0	0.000	0.000	-1.000	0	0.000
2020	0	-0.000	-0.900	-1.000	0	0.000
2021	0	0.000	0.000	-1.000	0	0.000
2022	0	-0.000	-0.900	-1.000	0	0.000
2023	0	0.000	0.000	-1.000	0	0.000
2024	50	-0.779	0.450	0.041	2	0.000
2025	0	0.000	0.000	-1.000	0	0.000
2026	0	-0.779	0.450	-1.000	0	0.000
2027	0	0.000	0.000	-1.000	0	0.000
2028	0	-0.000	-0.900	-1.000	0	0.000
2029	0	0.000	0.000	-1.000	0	0.000
2030	0	-0.000	-0.900	-1.000	0	0.000
2031	0	0.000	0.000	-1.000	0	0.000
2032	0	-0.000	-0.900	-1.000	0	0.000
2033	0	0.000	0.000	-1.000	0	0.000
2034	0	-0.779	0.450	-1.000	0	0.000
2035	0	0.000	0.000	-1.000	0	0.000
2036	0	-0.000	-0.900	-1.000	0	0.000
2037	0	0.000	0.000	-1.000	0	0.000
2038	0	-0.779	0.450	-1.000	0	0.000
2039	0	0.000	0.000	-1.000	0	0.000
2040	0	-0.000	-0.900	-1.000	0	0.000
2041	0	0.000	0.000	-1.000	0	0.000
2042	0	-0.000	-0.900	-1.000	0	0.000
2043	0	0.000	0.000	-1.000	0	0.000
2044	50	0.779	0.450	0.026	2	0.000
2045	0	0.000	0.000	-1.000	0	0.000
2046	0	-0.779	0.450	-1.000	0	0.000
2047	0	0.000	0.000	-1.000	0	0.000
2048	0	-0.779	0.450	-1.000	0	0.000
2049	0	0.000	0.000	-1.000	0	0.000
2050	0	-0.000	-0.900	-1.000	0	0.000
2051	0	0.000	0.000	-1.000	0	0.000
2052	0	0.779	0.450	-1.000	0	0.000
2053	0	0.000	0.000	-1.000	0	0.000
2054	0	0.779	0.450	-1.000	0	0.000
2055	0	0.000	0.000	-1.000	0	0.000
2056	0	-0.000	-0.900	-1.000	0	0.000
2057	0	0.000	0.000	-1.000	0	0.000
2058	0	-0.779	0.450	-1.000	0	0.000
2059	0	0.000	0.000	-1.000	0	0.000
2060	-50	-0.779	0.450	0.031	2	0.000
2061	0	0.000	0.000	-1.000	0	0.000
2062	0	0.779	0.450	-1.000	0	0.000
2063	0	0.000	0.000	-1.000	0	0.000
2064	0	-0.779	0.450	-1.000	0	0.000
2065	0	0.000	0.000	-1.000	0	0.000
2066	0	0.779	0.450	-1.000	0	0.000
2067	0	0.000	0.000	-1.000	0	0.000
2068	0	-0.000	-0.900	-1.000	0	0.000
2069	0	0.000	0.000	-1.000	0	0.000
2070	0	0.779	0.450	-1.000	0	0.000
2071	0	0.000	0.000	-1.000	0	0.000
2072	0	-0.779	0.450	-1.000	0	0.000
2073	0	0.000	0.000	-1.000	0	0.000
2074	0	-0.000	-0.900	-1.000	0	0.000
2075	0	0.000	0.000	-1.000	0	0.000
2076	50	-0.000	-0.900	0.029	2	0.000
2077	0	0.000	0.000	-1.000	0	0.000
2078	0	-0.779	0.450	-1.000	0	0.000
2079	0	0.000	0.000	-1.000	0	0.000
2080	0	0.779	0.450	-1.000	0	0.000
2081	0	0.000	0.000	-1.000	0	0.000
2082	0	0.779	0.450	-1.000	0	0.000
2083	0	0.000	0.000	-1.000	0	0.000
2084	50	-0.000	-0.900	0.035	2	0.000
2085	0	0.000	0.000	-1.000	0	0.000
2086	0	-0.000	-0.900	-1.000	0	0.000
2087	0	0.000	0.000	-1.000	0	0.000
2088	0	-0.000	-0.900	-1.000	0	0.000
2089	0	0.000	0.000	-1.000	0	0.000
2090	0	-0.000	-0.900	-1.000	0	0.000
2091	0	0.000	0.000	-1.000	0	0.000
2092	0	0.779	0.450	-1.000	0	0.000
2093	0	0.000	0.000	-1.000	0	0.000
2094	0	-0.000	-0.900	-1.000	0	0.000
2095	0	0.000	0.000	-1.000	0	0.000
2096	0	0.779	0.450	-1.000	0	0.000
2097	0	0.000	0.000	-1.000	0	0.000
2098	0	0.779	0.450	-1.000	0	0.000
2099	0	0.000	0.000	-1.000	0	0.000
2100	0	-0.000	-0.900	-1.000	0	0.000
2101	0	0.000	0.000	-1.000	0	0.000
2102	0	-0.779	0.450	-1.000	0	0.000
2103	0	0.000	0.000	-1.000	0	0.000
2104	0	-0.000	-0.900	-1.000	0	0.000
2105	0	0.000	0.000	-1.000	0	0.000
2106	-50	0.779	0.450	0.035	2	0.000
2107	0	0.000	0.000	-1.000	0	0.000
2108	0	-0.779	0.450	-1.000	0	0.000
2109	0	0.000	0.000	-1.000	0	0.000
2110	0	-0.000	-0.900	-1.000	0	0.000
2111	0	0.000	0.000	-1.000	0	0.000
2112	0	-0.779	0.450	-1.000	0	0.000
2113	0	0.000	0.000	-1.000	0	0.000
